Unnamed: 0,SVR,set,MLR,RF,MLP
0,1.0808585298646234,train,1.0508313154949116,1.0619868133967394,0.975220531812286
1,1.292973799785217,test,1.2461975599467985,1.1678763516634918,1.254044989321917
2,1.1743743510841946,test,1.1528192094843557,1.2709236344156285,1.057202834110539
3,1.1831695572620782,train,1.184440931295554,1.1412505173638776,1.1904776757176423
4,1.2115058950159696,test,1.1647077873955831,1.1560215613355551,1.1715587622157115
5,1.4966834871083337,train,1.5508831830531604,1.2836549861531663,1.572876932445952
6,1.4135742272440934,train,1.4406690033803022,1.3276772756940776,1.4252037093628067
7,1.1595116943030468,test,1.032386149671375,1.2435409190222606,1.050464938643359
8,1.371001351048796,test,1.382020411300542,1.222827592374787,1.3724753083246708
9,1.104980065653182,test,1.0202974128211606,1.0890146075687253,0.9885673533844092
10,1.222734076052972,test,1.052457991154059,1.0913589449701524,1.08323738348763
11,1.2193666544873452,train,1.0573101041829205,1.2854484798724768,1.1308858553604229
12,1.2511135469120052,train,1.2358890018586608,1.220237636129032,1.1772826380555763
13,0.8154210265894734,test,0.8095603831193051,1.0945419481412901,0.8315935653585121
14,1.2038722975844047,test,1.1438648137125869,1.1832578290630484,1.0929025350168406
15,1.194426963332893,test,1.1030894280429444,1.2642125514776053,1.156435405917312
16,1.2489691252254642,test,1.2586781687508652,1.241140688158376,1.1523641120665995
17,1.1024519554046384,train,0.9822136539457345,0.9991412071010608,0.96032124811028
18,1.2798550479025512,train,1.315899564286647,1.4073033160353732,1.3406947853816402
19,1.0223544076596651,train,0.9150818172164382,1.1863850171498969,0.8616158496941279
20,1.6575115265890454,train,1.438222175321933,1.3129336478201592,1.6162743015177632
21,1.1775371798473349,train,1.0889504179116702,0.9897594224814992,1.1675432164803548
22,1.2700280051141106,train,1.2442614260566311,1.1352051373465477,1.1712750024658662
23,1.3019984212444948,train,1.3421629179546022,1.2430980966855725,1.274108682974483
24,1.1915891568362502,test,1.062387792711393,1.0692345461328918,1.0384138060483366
25,1.1521282672924853,train,1.090380182150113,1.2048738166733293,1.0404654819472012
26,1.3381052007025285,train,1.3808743643247356,1.2719880158691343,1.3172773398006885
27,1.204664103991731,test,1.1782870496853115,1.025426817334481,1.2539930456026331
28,1.2093416621567847,train,1.1600569541001675,0.9954009816285548,1.0593126586563024
29,0.6739397064647421,train,0.5360151936205876,0.8639852731681954,0.4502477425558473
30,1.3442237999338351,train,1.2540047240397592,1.2177040833227075,1.2504014383068158
31,1.2705328790559451,test,1.2510578146156541,1.1679949614825256,1.1442415012395215
32,1.1485732869308918,train,1.0160825156946045,1.1616140329464928,1.000714910370959
33,1.349012540299512,train,1.2938353391280497,1.1585856840054265,1.3119741845504531
34,0.7102769017841982,test,0.6688132721837493,1.1160303645510743,0.4638129591218227
35,1.2924299629444744,train,1.277002736935882,1.3200870283122006,1.2957839608055552
36,1.139177538043736,train,0.9242903025871968,1.1286684004432317,0.9805693330004932
37,1.4821688252797056,train,1.4811212122148825,1.3133313255928196,1.5513628204999426
38,1.0831105555015317,train,0.9690210517916362,1.096802728135363,0.9133179635284222
39,1.301308685454298,train,1.2252506864379364,1.056624156111005,1.2959930621031095
40,1.4285022579152922,train,1.2570916814730049,1.3363397511170791,1.4540033982088452
41,0.9950505440607365,train,0.910769093281352,1.1233392838291896,0.8194252130201508
42,1.409794842450208,train,1.3989422321893812,1.265934182331547,1.3628619272491782
43,1.4276883231494366,train,1.3755365059413045,1.3652074938310672,1.358096879103016
44,1.1524148618211292,train,1.1176026051929675,1.3385599382711788,1.0155020224838074
45,1.265588291214459,train,1.2469901326304615,0.9448704818371586,1.2555997720367924
46,1.3857120390703237,train,1.2570752389871929,1.2172354312228606,1.2771062276305678
47,1.3459102101853335,test,1.2650071359662167,1.220535340562045,1.2338053779887468
48,1.324930938882917,test,1.1981391107303714,1.0844962621974548,1.1966907345838471
49,1.168875160371396,test,1.1387145151248528,1.1117892313585758,1.057685448573057
50,1.2809086331970647,train,1.279443344145021,1.2538509840939904,1.2162078350298002
51,1.2771076930325038,train,1.2370291434950242,1.0840905814784876,1.1396137265530393
52,1.1174962376074702,test,1.0441007063531154,1.3152319310638931,0.9529850768902428
53,1.2269547941789671,test,1.1307411383481387,1.2010545338947702,1.1989128837232883
54,1.4117470215950114,train,1.307409983549782,1.3159211148497016,1.2821587535583008
55,1.283758292005543,train,1.2624807201332706,1.3083225022972582,1.3157148345037224
56,1.1670333602168357,train,1.1439548427024748,1.3767638063690693,1.1635026981073948
57,1.3920376161149963,train,1.3809134779677086,1.2778431954336928,1.3709927487024198
58,1.2655087465759245,test,1.1522633629704335,1.3188984280077396,1.1500654889164723
59,1.4251532581868211,test,1.2172807508546493,1.0213241084629874,1.3782762282379388
60,1.1517638413151308,test,1.0358071140878171,1.180678360353924,0.9945005422797206
61,1.3659839095058053,train,1.4553824937584865,1.2486549755893772,1.4462978409564715
62,1.3694086704183457,train,1.222617652810959,1.237295699280654,1.3808477452399524
63,1.1721224548334983,train,1.0312921435749636,0.9968955700421064,0.94449567346342
64,1.3833185062616564,train,1.2928191575467312,1.346643619574404,1.2605941406700858
65,1.2149977830329362,train,1.0930117938191397,1.1005809148998005,1.1122200941199076
66,1.1946372486410413,test,1.1380442557218264,1.2413786973424257,1.0565550917765365
67,1.3274543933415772,test,1.2453982416340412,1.1947013263273627,1.0973162303683133
68,1.49029655332024,train,1.4457642423812362,1.1759154364452908,1.508341613996544
69,1.2474649324885942,train,1.1748173707515337,1.1897003018687,1.170633155223077
70,1.3182547300085317,train,1.3741041008825985,1.2892826990581698,1.2800304281081565
71,0.7664981769347032,train,0.7377002873871172,1.03213435216776,0.6015387516794921
72,0.6792873712595192,train,0.6600842087623211,0.9542468598096226,0.5894218946496179
73,1.170243953207654,train,1.0310753228238425,1.1022478194980552,0.9669248917495832
74,1.4430572290949215,train,1.393311889038593,1.2161147447259522,1.3856261054202283
75,1.184855176249722,train,1.0770878364530063,1.2343787074279222,0.996737689250444
76,1.1609744848738082,train,1.0411877022891058,1.1868221612071086,1.09333323223963
77,1.0176162695574242,train,0.9403522586466708,1.1189379629875784,0.8459561874768344
78,1.3974121823034444,train,1.2598846943725683,1.1141973216670489,1.344993259711644
79,1.3660770112924971,test,1.23911310993853,1.2860973254675048,1.2481775809626192
80,1.2298157094785498,train,1.2625717810843498,1.2562893198639802,1.2283565155688891
81,1.261730552768379,train,1.2597384991332556,1.193939879161385,1.2513683106158893
82,0.8442749088506039,train,0.6663250222184318,0.8527452323112127,0.6855274966047618
83,1.2423072548308292,train,1.2066771112910624,1.1263754242174011,1.2328289766772529
84,1.2560814409874794,train,1.1990110318597196,1.2216792350300243,1.119416038373651
85,1.4795615425595,train,1.4000902486672049,1.2790952999993157,1.4740380338347872
86,1.3859023028143789,train,1.3851230749517078,1.4437802662239214,1.4288466185678217
87,1.2339878255376406,test,1.1196248797972728,1.1890540402150307,1.1444898598905908
88,1.2387988556342708,train,1.2168844001669166,1.2893975867281198,1.2234798760952017
89,1.4058005425585842,train,1.3405726732583174,1.2385097648802832,1.4064769531472785
90,1.5012905742011915,train,1.4946253723375462,1.2808319382980011,1.5625943461979184
91,1.2691092657043694,train,1.345600535399712,1.3233320458317832,1.2842310312681249
92,1.2288459323026393,train,1.2750849447956318,1.3736082279370971,1.2285332915369136
93,0.9616691130374871,train,1.0971953972184865,1.1634614470408704,0.9287458093359292
94,1.3336423195529137,train,1.2794071376925924,1.3282678736239109,1.3005355673402719
95,1.1636399348771782,test,1.188306375528831,1.28613921890801,1.163976981023332
96,1.1654580299554431,train,0.976497577089005,1.0111480171347902,0.9952470623432296
97,1.3686879399978322,test,1.2922519875195482,1.3249624394246735,1.3800223746450817
98,1.3592078878124954,test,1.4783290216885263,1.1567173857194828,1.4115161987782376
99,1.0623976916034397,train,1.0313321533987423,1.0054792184276058,0.9218463774897891
100,1.5456560343258223,train,1.5523623168272884,1.4551278105473908,1.4908225877222263
101,1.5776435976383467,train,1.5971579916092706,1.3740974257810854,1.6678181031177
102,1.6046202430280858,train,1.6400272644946114,1.3276748100766558,1.6122941776763595
103,1.3500459136293343,train,1.2985971186400855,1.4358366552319657,1.365446318280648
104,1.1173854386075202,train,1.1697222412120871,1.292441464796354,1.157386015218748
105,1.038556357932283,train,1.0038018656734753,1.2173812624580749,0.9357887427084411
106,1.4455924986228477,test,1.3136988223776265,1.4187145200483,1.3512109696591237
107,1.6183511643397757,train,1.5566500150706002,1.4988208580066529,1.5597577746618339
108,1.4278526288096005,train,1.4677984803088298,1.499989402101647,1.3982337016749231
109,1.390478245253596,test,1.3984094788957049,1.4622991399412733,1.3566675862884965
110,1.4408014002394842,test,1.270212239933144,1.1546305066580043,1.363599268453396
111,1.5783522095278903,train,1.48938588345399,1.4977645602206144,1.565230012132571
112,1.4657227410469318,test,1.4262508596659644,1.4107252184946546,1.4933979542500757
113,1.520934147283481,train,1.4323913390682492,1.4387581772703228,1.5336354939959973
114,1.3266107728475134,train,1.2511060112702486,1.3897132070208993,1.2355189172539285
115,1.430793536915361,train,1.4188201179587956,1.5388538091033854,1.3760900490809016
116,1.2288017031312328,test,1.1767670646308428,1.3840837738730092,1.1865057123793226
117,1.4967256590929219,test,1.5526823269574108,1.3800649046359017,1.4893056602601449
118,1.3874771080800612,train,1.3756711505483552,1.1313471596277025,1.4391899475269319
119,1.2739333927286471,train,1.207124211654499,1.369435097407125,1.3498120331869858
120,1.4620062431841698,test,1.4171745026308278,1.4415793936726358,1.4200749233584355
121,1.4255142138330554,test,1.3707174450441333,1.3780026697374024,1.3667797409967088
122,1.3483926082059996,train,1.2947597492125449,1.3788927074538155,1.3051433096644027
123,1.4562160020229606,test,1.480328125504336,1.2921978508113523,1.4781203785271484
124,1.4528560037275524,test,1.3966660600885643,1.3576354077690973,1.443058246064021
125,1.4040076961666867,test,1.345970792035811,1.4457944532247935,1.3257203827142905
126,1.5555842142644714,train,1.5764936731412846,1.3152112422215096,1.6197819767445636
127,1.4476045387495828,train,1.3734940332961705,1.4878389316017862,1.4183703641423824
128,1.479553670398465,train,1.494098634722926,1.3764817932103226,1.4937494398846685
129,1.2332967422526888,train,1.173687436080354,1.2533333680850152,1.1151327075099808
130,1.5088833429798034,test,1.4393845757440658,1.3378639126046514,1.4446362090514049
131,1.2855530938298458,train,1.2694067039373849,1.3561849092174536,1.2910468689510073
132,1.3771483258537158,train,1.3005005758063524,1.399533277021049,1.3719016149478669
133,1.5801194058853605,train,1.6208484088854058,1.4179078801161442,1.60731515369631
134,1.4887730632030198,train,1.500393123994261,1.470322364716863,1.4660335266820184
135,1.1887015534070322,test,1.2172236279464987,1.3705542526467462,1.2080883012180377
136,1.412910606267474,train,1.3311337274366772,1.3499773300213418,1.3858961015480205
137,1.4251158540882958,test,1.3854868009199397,1.3109157790943289,1.4108682906548025
138,1.3640740024674047,train,1.4174882777641318,1.3469358586135474,1.4447181556198387
139,1.3639610990573612,test,1.3530131765087443,1.4420731491300243,1.381197855114263
140,1.4721880463680204,train,1.4054215477085874,1.4534710834641549,1.3743076802514058
141,1.6572164898417971,train,1.6280019730973336,1.4876859205767643,1.5554959684350174
142,1.3687770516721969,train,1.3621179514054524,1.3320834247870446,1.3478481679435983
143,1.413026152850496,train,1.3354070313636976,1.422864488816555,1.3279499045016003
144,1.2914837938829546,train,1.2993842189501676,1.3269443221697341,1.2511276481313305
145,1.61634946857035,test,1.733468422511367,1.2991141757750149,1.721103542514796
146,1.4110621114014437,train,1.3435821731584756,1.3944377960691368,1.3726651585230023
147,1.4223213087152649,train,1.469226820352059,1.3803081377244055,1.4505856766215937
148,1.328038491245887,test,1.2738652661983585,1.3860859246239463,1.3260476941263954
149,1.362791054096392,train,1.3093664394638809,1.2988967193404397,1.2761301187574676
150,1.2001374106538394,test,1.098366788592622,1.3687669257747583,1.0955018526862594
151,1.2638825522619088,test,1.2455635043810815,1.3643605353171564,1.1271107248855403
152,1.44032620879618,train,1.3908163862600225,1.3167151347698665,1.451817566036576
153,1.5490667255431372,test,1.4966569976183903,1.4001453143152296,1.4789624982199303
154,1.463459342188388,test,1.3430621675884864,1.4696126148324222,1.4004182277098796
155,1.4583854857494547,test,1.460601333958667,1.3778113589359855,1.4936203458423625
156,1.5429660968114218,train,1.5231326441951056,1.4272430752945593,1.5559627026575966
157,1.1320211788323191,train,1.1462049240799077,1.278430359198403,1.1171804470165103
158,1.5903641838126192,test,1.5372946480254357,1.4518814554352728,1.5959641158917648
159,1.5560526382061275,train,1.3642706471476376,1.3869534108411952,1.4708032009423082
160,1.3827703737376678,train,1.458680025490545,1.34797384133665,1.3824724864390217
161,1.5087805604409268,train,1.5466488931967683,1.2238731326749075,1.5535630982462718
162,1.3214906152249757,test,1.2089793320217603,1.3594334975433495,1.2442131634735307
163,1.3996685692324962,train,1.3869558393791368,1.4843540664607993,1.4063081665205264
164,1.4802993201923602,train,1.5476789247714078,1.4271939294536238,1.5781581347164233
165,1.2993170889984416,train,1.2792520114237411,1.3824933216623283,1.2642516392303462
166,1.1399236042502474,test,1.0931239821133345,1.301407414122979,1.1312547027097684
167,1.5164150342575495,test,1.429552207019805,1.3942743346142543,1.454859433659221
168,1.6905847206554556,test,1.5801761741627702,1.3888706140414422,1.6364104614769412
169,1.5307128156423124,train,1.5928544133529303,1.2986377210832118,1.5388228239726494
170,1.3660016954378118,train,1.3431464890110316,1.460150740020406,1.3118618621671423
171,1.4649716322556254,train,1.4353605402155891,1.3830341957163277,1.4654270976987611
172,1.4327231161002387,train,1.3812210924422177,1.3773962911168194,1.4296287260814826
173,1.3312816699494896,train,1.2902759032171751,1.4329411638179412,1.2954114392031917
174,1.2724260833636218,train,1.17981129362009,1.3325289636316069,1.206282748086289
175,1.4069101334248453,train,1.3870269461104259,1.312773661399628,1.390803756675854
176,1.3230413207742655,train,1.2959340155290175,1.2971247189058783,1.2883919892908526
177,1.2775557643115676,test,1.3675117739588527,1.3794701471682296,1.3060264392547234
178,1.4020249729385643,train,1.364908862748808,1.478196623018983,1.3691790050647148
179,1.5774134918614908,train,1.5390023348590172,1.4871112413305896,1.6137503187903104
180,1.268273503725821,train,1.1349284096783014,1.304692386833968,1.2316080551728097
181,1.4939679452056136,train,1.4723302469794517,1.34630758157193,1.4850013668446025
182,1.4560283528473086,train,1.3605694345692905,1.4609305062876257,1.3369491010288077
183,1.4087480593986348,train,1.3800736645574003,1.4402416342412878,1.359338261144765
184,1.5433611672728764,train,1.583483581721632,1.4638367507215728,1.5567236585013942
185,1.4925186575034934,train,1.4006863988874705,1.4730713572142895,1.52424098959903
186,1.2516419777677572,train,1.2574567205290494,1.3313257991836762,1.2899938725057625
187,1.3164678204008569,train,1.2584161086426804,1.2701399195743084,1.3220109189871525
188,1.3899011939163946,train,1.4214449624976655,1.315848398705768,1.430927450804087
189,1.4761717968831896,train,1.4472849893230249,1.4046263083458084,1.4166423976976819
190,1.507864172056352,train,1.510453051553756,1.351269569984757,1.512998897851778
191,1.321790216594086,train,1.358883560359626,1.3462391460666152,1.2978556533014651
192,1.4614827427903725,train,1.4855835541590492,1.482139242651156,1.4655607501144816
193,1.463474919876273,train,1.4241096038650185,1.4896749673546137,1.4591884531586714
194,1.233220433533848,test,1.2299647504966118,1.395646496272939,1.1382553447069728
195,1.286690151374309,train,1.302449361922933,1.375879247434163,1.2166735441108203
196,1.4318782536594314,train,1.4559852963283104,1.3901769216367512,1.4202921794880878
197,1.3533656280023745,train,1.4158709236356195,1.36915889730575,1.4148306768215633
198,1.4351248970430366,test,1.3947978595294095,1.3452459626347182,1.4164740131146476
199,1.2045023306647102,train,1.2471881169188779,1.2442626901420026,1.1691466091267524
200,1.3588037741263634,train,1.424866448545792,1.4770041223871806,1.3691600144886598
201,1.3037054137842286,train,1.403033519567678,1.332922240253573,1.3438069925389429
202,1.5574472505725456,test,1.470612580027873,1.3856295486136796,1.5057113355743512
203,1.261257984976599,test,1.1656352907979368,1.3913616918897065,1.1713696511825984
204,1.0892085988750724,train,0.9821718476553244,1.2085595749441858,0.994298907407012
205,1.1332658988183177,train,1.0703960909644736,1.0925536048550686,1.0446486332734617
206,1.3007095378533988,train,1.2032465270650006,1.393279563972053,1.1239521275042859
207,1.5796786988120983,train,1.604681251310432,1.3938093430675744,1.6769589864200178
208,1.551181747962028,train,1.5768635925762824,1.4693106100540767,1.5536315057850565
209,1.5780514075261514,test,1.5276371209452595,1.3382739864806856,1.6535409291371963
210,1.3920145073549168,train,1.30831917701842,1.246677334159393,1.2910331581201888
211,1.4703304369076156,test,1.3695475621801854,1.3160539641589737,1.4567982078007011
212,1.5505408725169705,train,1.5594741625045427,1.3540919892177177,1.559230276633086
213,1.210370163242315,train,1.1597273957562748,1.2467561576183253,1.1403284612182856
214,1.3501676269037457,train,1.3310749898814087,1.3530677745357569,1.3444225772983445
215,1.3920263602241167,train,1.3551725183811516,1.4404418878695762,1.3740739168586529
216,1.436241300214241,test,1.4954681247444654,1.33605249616113,1.4780745143239362
217,1.409855050761574,test,1.443111375242086,1.3043832015371608,1.5091532791594615
218,1.285418045794643,train,1.3499920475338287,1.299423708062128,1.4175454919231814
219,1.4200554452149117,train,1.4419756309963576,1.1482623818472182,1.4724257583376354
220,1.4537318968570871,train,1.4831014902559554,1.4164040057767042,1.5121882249796288
221,1.2786141611626658,train,1.2491843869582022,1.3669752302775149,1.1760233028174962
222,1.3669480824209728,train,1.3121474558550539,1.3513822706796186,1.3001226189885493
223,1.4364356326469745,train,1.4339777711999355,1.334439700787978,1.4214451868790046
224,1.2727479432414437,train,1.181599213919311,1.2747356127583187,1.1305142794107403
225,1.3962045231658675,train,1.3244835872900549,1.386410974235727,1.3365540036938477
226,1.3702089873028005,train,1.3463034162950696,1.2579767163683246,1.4526781225976737
227,1.3685960687352114,train,1.4633000285510098,1.402551064795322,1.4009749163001342
228,1.4019653070969516,train,1.3207835589443755,1.426199565103246,1.328081159777728
229,1.166153923584694,train,1.0924972908944324,1.2238717907167105,1.1155096809110772
230,1.413787922697286,train,1.3684437906220224,1.4139538768846112,1.4316666936678744
231,1.4453765501084246,train,1.508904224540906,1.5017497909198314,1.4618655278918378
232,1.3849826647676369,train,1.3276726034501456,1.2568726601050313,1.3388108223138115
233,1.5300870331178182,train,1.5124549236507756,1.3996690544229544,1.5323850334481914
234,1.5613267782961957,test,1.5037560914184485,1.402533121580218,1.5654238971923715
235,1.245623329491882,train,1.224311897775623,1.3284311251794352,1.2006389882953967
236,1.5153358255267504,train,1.480176722014851,1.3565335557521507,1.513260978316132
237,1.3395063195996315,test,1.274198855665299,1.3555866076933567,1.2143057534283817
238,1.469691886521448,train,1.3483903254344434,1.4220268342808546,1.3974593384944705
239,1.3911561514151032,train,1.2941837568986103,1.4232705133046877,1.3658939005402244
240,1.4159581921461952,train,1.3523653898557084,1.3264246067003798,1.3434163744995873
241,1.6352747403655592,train,1.5509836069109684,1.4977055592595925,1.6132139281359872
242,1.4265119217166085,test,1.4254458412228947,1.4359885869593263,1.4253496217838724
243,1.422707363358295,train,1.3748007703528102,1.3374312653158806,1.4176353360392766
244,1.3628416343246386,test,1.4176440337662843,1.3999517000756043,1.3569024858317336
245,1.4113749544863177,train,1.45780697276997,1.3946104291328634,1.451893418007464
246,1.335588282423657,train,1.4126153992586954,1.3829713792990503,1.437535506172105
247,1.4052953496199214,test,1.3744342540872911,1.391673265347921,1.3065059337814402
248,1.2241362015696795,test,1.1798920080531885,1.411830319336706,1.1779953954987354
249,1.5398640502781666,test,1.3583801494836534,1.39889779303301,1.4009287536286943
250,1.428590544890943,train,1.334793022309659,1.4673380914374232,1.3922340230648018
251,1.2063287334877648,test,1.1150356399955559,1.3563711288990787,1.079772661114916
252,1.4867432235641989,train,1.4874817328259846,1.4011545394292202,1.5000738722977742
253,1.4910767742785505,test,1.4723090363225464,1.41017987408497,1.5305758803709093
254,1.3001392414559398,test,1.2731080261758303,1.265063850145546,1.284458172552693
255,1.487026899924193,test,1.4963946033794835,1.417747992603957,1.4923145482512523
256,1.5505447126409544,train,1.5297728822310896,1.3851524284289658,1.5879706172376378
257,1.4856783768369834,train,1.3985137227584048,1.2421245931642175,1.3853920252311591
258,1.2771957598981571,train,1.369481442651509,1.3267506496132355,1.297568024995121
259,1.3706215843052243,train,1.340559109608539,1.376299220117345,1.3010415779741298
260,1.4682410667977357,train,1.5017581853338655,1.4535753529836368,1.5073281537471774
261,1.3887741894328405,test,1.3704841642248708,1.4420056086621718,1.3683162030793048
262,1.2680589787050265,test,1.1994163065654164,1.3870451669970445,1.2328673934954466
263,1.2990228071442782,train,1.3394833894863063,1.4238560467912431,1.3420246163272829
264,1.4452386911011836,train,1.4843662114874905,1.4206428921605234,1.4257479358772174
265,1.2029079571496806,test,1.2478048658238852,1.4118148987366306,1.1291494972596885
266,1.2399290730185142,train,1.225088456806551,1.3096363300816738,1.2492189362298904
267,1.3931257099860217,train,1.3350186944321296,1.4309689086822377,1.3200187846304008
268,1.4235591360222652,train,1.3770558004674671,1.3573101287790048,1.4603033961389715
269,1.5442422434884582,train,1.5980348001591262,1.3956836720150323,1.541394493801747
270,1.5580718774998576,test,1.4854913720808234,1.4302043083882372,1.5049252221636888
271,1.4194286059235526,train,1.3739216008138275,1.4433520608804602,1.4233035066933644
272,1.355608743272521,train,1.3346730166280691,1.3411137002165163,1.4227708339241718
273,1.3368272423583891,train,1.2928872941200824,1.3521205657665922,1.3272998856511131
274,1.2806960609733369,train,1.261410133388132,1.4212847643989879,1.2880233825456977
275,1.37375157597499,test,1.490839037523712,1.3211787085501607,1.4884031006614
276,1.3687849959308371,train,1.3866615023976594,1.405033405470468,1.3265874885046869
277,1.4974314615675746,train,1.5081060431398758,1.3824175971092818,1.4925298506582811
278,1.3357842239936837,train,1.3032860927433856,1.4595827319465522,1.2918392015607532
279,1.5169780908728845,test,1.4731524573212402,1.3790044694334296,1.5060286074487244
280,1.4832509875305249,test,1.421099529616333,1.360837570731118,1.4844071064165931
281,1.5449317942977217,test,1.5411422474896594,1.4205534296911144,1.6560598906483692
282,1.3090314588612342,train,1.223369099289774,1.3960862322814134,1.279754812563929
283,1.4387827106032112,test,1.334142441088777,1.3683434418039893,1.3729313004789256
284,1.5480392411391162,train,1.5500065518199615,1.4280177794239202,1.5390534939488023
285,1.4810130154012096,train,1.4924815604484332,1.3776334568267834,1.5577870385473316
286,1.3322390927049634,train,1.4212980800434174,1.3865639440407898,1.3698470420228297
287,1.3387749789646208,train,1.4303961123950517,1.3645774461045996,1.4139011894807068
288,1.442559040234775,train,1.3639560990194144,1.2891989388492886,1.4466786115453512
289,1.3271128569789812,train,1.2027337769323352,1.3990852772012787,1.269677469238678
290,1.5752299248732524,train,1.5384950073879051,1.374462263914114,1.595427355109849
291,1.4307794139128516,train,1.4504918099667912,1.3443831931778194,1.4231250156292865
292,1.3637062301292648,train,1.3453253723734333,1.3426564485719052,1.3345969821254844
293,1.3773024680119876,test,1.4341414884891162,1.242230762298727,1.3993319410182965
294,1.2578430129586318,train,1.40372717536126,1.4439809164356672,1.2827480336047252
295,1.5225743235869114,test,1.487444414324369,1.3813188026757857,1.4345618662753457
296,1.3269915627795168,test,1.4664030292835892,1.2799226397326675,1.335900733875289
297,1.4075189372466552,train,1.3828845479002807,1.4904054595672187,1.4350710826446416
298,1.3757751948600954,train,1.399761974160694,1.3530074655790565,1.4373267990170562
299,1.1677421969397672,test,1.2270795547207538,1.3431451217563293,1.2035286473445672
300,1.3508260908220584,test,1.2275809896243346,1.3515182564572652,1.2281898161349494
301,1.2320186207159156,train,1.2361315526682235,1.3711215535102177,1.242193509790636
302,1.554784407330173,train,1.5030622586504656,1.4212998802575991,1.542989338314562
303,1.38560420865226,test,1.1961095263511394,1.2399575325858971,1.2804680296373223
304,1.4807038869498537,train,1.4149720684426164,1.461220875390916,1.4921132126361956
305,1.2884681299710783,train,1.2611594822396206,1.2870382548636987,1.2686524398781616
306,1.2961913332699917,test,1.1919694071280458,1.2886349615965558,1.128283599350161
307,1.5368491789095908,train,1.475983419295921,1.4020879825949757,1.5709234845190037
308,1.3315002599141554,train,1.1274813870048237,1.316378543627126,1.22512908400344
309,1.282290260455657,train,1.3108678590856964,1.3785365154281868,1.2429405222914658
310,1.5275578164414323,test,1.4920413633757486,1.3124318202598997,1.5421156658960258
311,0.9290316824918068,test,0.9316455412847588,1.3569917568529246,0.7741155365015587
312,1.2631362045911023,train,1.0895197746898608,1.3012566112979838,1.0968297961246027
313,1.5778418936900107,train,1.3731477113847022,1.3636686270013467,1.4877232571535235
314,1.2904946908241388,train,1.3808766239833021,1.397625532046452,1.3695213889630282
315,1.7334704431702144,test,1.486109720457415,1.4099614678767725,1.7162492178956192
316,1.3645754040866351,train,1.3184714896641418,1.2642785872447613,1.288640266980878
317,1.3833228658707906,test,1.2343010123644775,1.2673514036045406,1.261193983515293
318,1.236404511425665,train,1.3323807703442836,1.3406397427547647,1.2810403976998286
319,1.4639630294627601,test,1.3753859317290749,1.228214750082136,1.3608958489819627
320,1.418991374522344,test,1.4420046460374736,1.3629142449060652,1.388518117868044
321,1.3093284658573434,train,1.3382910764777711,1.3363223128407602,1.2624626613104044
322,1.3052498032722812,train,1.3088344627825044,1.4117671830689578,1.3351296604915814
323,1.3451298881965468,train,1.4193243338764066,1.3202472397604186,1.3362754200473137
324,1.1963166542835597,train,1.05074548177801,1.309143477405984,1.0643385020444125
325,1.4265388845311493,test,1.3762271613129882,1.3101389846920333,1.4583498707690854
326,1.3562210811412283,train,1.4629529555259324,1.357631416845989,1.4378959526656732
327,1.551080341541346,test,1.47368513792623,1.3691022612608377,1.518418187108082
328,1.1471065995247005,train,1.1089554084571462,1.3591792152878122,1.0778490225387891
329,1.3381608571122494,train,1.3981014684873203,1.3996982802177924,1.4301144982152116
330,1.405197519076122,test,1.425571304673733,1.4375109291255117,1.5239024846371692
331,1.4192648500187806,test,1.4428271631070733,1.3760661130644405,1.5010493316046083
332,1.2093162239790711,train,1.2569355058318052,1.435162594112985,1.2186788667615471
333,1.2712694391841866,train,1.1501985708675462,1.3701682269207502,1.1716273880150765
334,1.4416161466794544,train,1.495906402636239,1.2646816965334984,1.4501609450408397
335,1.4684603485207859,train,1.4035432162693848,1.4012105231738856,1.4914626019791388
336,1.3255703014429707,train,1.2892233076059334,1.3027988050920998,1.1872338717346445
337,1.3864360468206691,train,1.4572073930769165,1.3205795698533729,1.4570955855623442
338,1.249733418312632,test,1.368437611515696,1.3628312672369611,1.268851154857285
339,1.4454903334893243,train,1.3856931620896853,1.330857395697363,1.4846669278789442
340,1.3253488307937542,train,1.3077406207443718,1.3577179586794967,1.2730295252208197
341,1.4874992824154811,train,1.3851137599950814,1.2929478692531249,1.3682181226371268
342,1.398164044949153,train,1.448111732446083,1.3547348764067026,1.3416755775729456
343,1.247243058132944,train,1.153880415480453,1.292545601617508,1.1737567158185167
344,1.368842213978852,train,1.3168738781331588,1.2780239058034135,1.3198272927135737
345,1.5025251675117488,test,1.5027737399633632,1.316561431515708,1.5375231229856812
346,1.4849618760718224,train,1.3211911407525865,1.3213282221896907,1.408835039965455
347,1.3635633456578404,test,1.4416242054174555,1.3796494337501726,1.3820852725328008
348,1.3416949815022603,test,1.4259436606933251,1.3999849048656328,1.4599289616889377
349,1.4430474808315528,train,1.3849630745880317,1.3273062382544278,1.417862806087091
350,1.3842931381846713,train,1.4147686903445846,1.3689909563821847,1.3942792277341745
351,1.3944201988548774,test,1.4974035906843408,1.3729960750711736,1.4635885683406822
352,1.3926041524275419,train,1.368896090274969,1.384484497705415,1.42793922630737
353,1.5156961986965212,train,1.3497791722306682,1.2622887531030411,1.3285664838977531
354,1.5154066849477452,train,1.4793238450552697,1.4305067191770984,1.4689715347555254
355,1.0745972475715502,train,0.9658824193860502,1.3338911024225706,0.9317168282952124
356,1.4437442993805163,train,1.3938244095381958,1.3548939783743437,1.48603610704386
357,1.3655457624337484,train,1.2994288722840803,1.2405129026925217,1.2943261705263982
358,1.4185804539487772,test,1.351269466546674,1.3289164793983483,1.4457888973547008
359,1.5153237805146105,test,1.6079625374837023,1.4387713194361291,1.6350353031552152
360,1.4472796452437455,test,1.3302455166856977,1.2650569063595514,1.3440293284861118
361,1.0768215193462818,train,0.9919174378418212,1.2105160710179883,0.8606816470348817
362,1.27600561217304,train,1.1405496180659098,1.3173711029314137,1.195039633386191
363,1.3915002460919037,train,1.403815088277357,1.2871526845437546,1.3447643918101548
364,1.3142579442654965,train,1.2842301365913362,1.2914738673366686,1.2782451360554412
365,1.5151885372806808,train,1.4213073264657243,1.4293076832669591,1.4822272243699888
366,1.2800534103246026,train,1.2482700222856606,1.3001324759789143,1.2103063070568123
367,1.26121656956064,train,1.3314289288567729,1.3666001698894434,1.3181037566508853
368,1.3530615669106296,train,1.4084014809612178,1.275461290845906,1.3050541069699275
369,1.5560598465605602,train,1.4887372599679638,1.2564943445535226,1.4701560229611037
370,1.387429697054965,test,1.3425645216295734,1.4147731541962312,1.4172094364165495
371,1.3250287024348066,train,1.2552578912386336,1.3934331514710163,1.2803666785039656
372,1.3118867903790474,test,1.2972562968610029,1.288608313592617,1.3027920263248718
373,1.2264861177866853,train,1.3040288009615184,1.3420068923565425,1.3296891337771677
374,1.3498586097374643,test,1.290662362396847,1.3296941078109004,1.223207999055728
375,1.352654350226162,train,1.3151480383049043,1.3348260465818211,1.302280146749038
376,1.6118608221457076,test,1.5886026781827705,1.309733423988399,1.642479928523345
377,1.503604225541991,train,1.5388206546134011,1.336495104655564,1.5265319703660416
378,1.4418502240921225,train,1.3816861942755827,1.307509820260054,1.4490444202399582
379,1.3635427606720314,train,1.3563564458810262,1.3938773626400798,1.4010829082752407
380,1.3103148542612149,test,1.166130389259743,1.3713199671536898,1.2895572621292508
381,1.4140258854265146,train,1.3377100847158203,1.3656587890373653,1.3816816722485386
382,1.4179102330829718,train,1.4077469220719308,1.3546562476632409,1.4019192834802603
383,1.30647088675516,train,1.209788116498527,1.3212445246851123,1.2081715159023991
384,1.4329694816469598,test,1.305981645211833,1.338674812347802,1.3234517566413488
385,1.390761179039039,test,1.3212655833110012,1.3582509157889655,1.351253304710156
386,1.2483964433919372,train,1.2692130264527242,1.4060046944518558,1.2932906075186077
387,1.2218985914539098,test,1.0874455974777604,1.2236515181211884,1.020181557232056
388,1.407376412749208,train,1.39482693836627,1.417640878161618,1.4413138234098302
389,1.2732553420111017,test,1.1651600344185915,1.3062517773186064,1.1133755154406697
390,1.3234497580826592,train,1.302132323042153,1.3705578835492718,1.2670801640054383
391,1.2794752154881852,train,1.2134875792673416,1.1654811625888692,1.170548034119137
392,1.1912458684836924,train,1.2300900826366892,1.298045374048718,1.1871812779719932
393,1.4736243595199432,train,1.381048498563125,1.4300165393686035,1.4868443792780195
394,1.4730890429641634,train,1.3057777693333137,1.3040972588841129,1.395520427958473
395,1.2507466986497573,train,1.1108458587605121,1.3150250367211778,1.114118540233364
396,1.3883720696833737,train,1.359714663057333,1.3881123137221203,1.3243387464512064
397,1.324490731558033,train,1.3097381160094037,1.3625059767218235,1.3294326292397178
398,1.3797685177331305,train,1.3919032812513643,1.3451004974834402,1.4280709786129608
399,1.4978746788280688,train,1.437536085474757,1.358031348618393,1.4806521455343118
400,1.3378661417778956,train,1.2502601782642195,1.2701929424601486,1.3506659028200592
401,1.2606981842797458,test,1.0748708561685658,1.096124008829967,1.2112992352751122
402,1.312871028473447,train,1.3551427939050449,1.3351025320724956,1.3031741203273508
403,1.4664297027042932,train,1.4945593612484118,1.3402364798705515,1.5293764445388802
404,1.4276588327291784,train,1.4328233774362642,1.4194786721948631,1.4681522011150852
405,0.8282951115469682,train,0.8104107789751479,0.7143999819619388,0.7735442962839889
406,1.1459698338530235,train,1.2209314381723986,1.2617855552100083,1.1454934793985996
407,1.4609871706180484,test,1.343509971992756,1.307568000562792,1.4593837629460436
408,1.2275853225477675,train,1.2171992950536474,1.2314076749529452,1.1916278798989808
409,0.5856666109338156,train,0.6770403637647392,0.797199166509042,0.5737573109634618
410,1.1998855179471684,train,1.2170661896998038,0.967746865232072,1.2143036679901984
411,0.8094807067052239,train,0.7850846951965004,0.8677419867179191,0.8672024205526565
412,1.2661792923998048,train,1.2166523285734798,1.3602462161784588,1.2090003171305839
413,1.2232566983476283,train,1.1861798209193632,1.3138545607339376,1.1607494605353406
414,1.0767944911442726,train,1.1490754582019842,1.2004672959275031,1.1048944964294187
415,1.3035583751908009,train,1.264388254829385,1.320706213625794,1.2334498436863015
416,1.3426327073937914,test,1.2947034410650358,1.3102539148439758,1.3814453369881945
417,1.027865082997576,test,1.0992893500531642,1.2316387835572598,1.0388984070099279
418,1.1974493969814581,test,1.173684366747484,1.2414440941492837,1.2228046546538196
419,0.7594484585009702,train,0.8224058731347897,0.7459197594710212,0.7283053745408645
420,1.0115095268332663,test,0.9704749533246526,1.2086432528128133,0.9539763814230472
421,1.3144842905376972,train,1.4050205075714728,1.1852983030688622,1.3770723356256558
422,1.304117723229996,train,1.2817576239345698,1.3450688780906217,1.2471470853239657
423,1.254378869286375,test,1.254884681755153,1.2815277049288436,1.2061296920605993
424,1.4106188147923981,train,1.4254674394855609,1.4036038522067844,1.4396378255042388
425,1.4419645848060645,test,1.3362878179022537,1.2549627747630523,1.4678965397448371
426,1.1363326306536088,train,1.1727952107762758,1.2719072860637817,1.1709206145035274
427,1.1712206342525122,train,1.133389061945418,1.2293249314514023,1.2031291087926752
428,0.9445384219461226,train,0.8474692788201329,0.9828430493401996,0.8553808187091554
429,1.0021479962639013,train,1.1099826139179374,1.179933220593917,1.0400905917332608
430,1.4179121531309409,test,1.3508174405607607,1.3558945753711682,1.3484923681784649
431,0.6865024036971794,train,0.7058833932924534,0.7573580478383819,0.6621310815395303
432,0.9421971665362686,train,0.9712010605936728,0.8910081091973799,0.9631237802009059
433,1.3779320502783547,test,1.4241860836778617,1.3714572828779272,1.3784212073393405
434,0.4528294115517705,train,0.4408059775293134,0.7247703677520465,0.4162920655990533
435,1.3411550421542062,test,1.3715874436694508,1.2683774802095718,1.3709767951277252
436,1.2900679306565181,test,1.326657029565082,1.2546943594606492,1.2485780976397112
437,1.006308204726405,train,1.0366246123688945,0.8234665601239798,0.9817452080890446
438,1.2637038951307855,train,1.2788048624491486,1.2778545933680272,1.316990367593863
439,1.3240081871208498,train,1.2925504897996032,1.2510542603123935,1.3152252835721594
440,0.8279407161239545,train,0.8945061776744251,0.9002813973626692,0.8403716001188533
441,1.0673201674880477,train,1.1195675847873083,1.1552029010466156,1.1154668380466504
442,1.032263349987874,test,1.0877440670193628,0.8962202644387703,1.1245754823946208
443,1.3588239392304915,train,1.363689709393995,1.2973100850000696,1.3756389240594908
444,1.5414865965885796,train,1.535966298769854,1.3575537316685922,1.5331668841366326
445,1.342144167426879,train,1.3028171343852506,1.3479467357403665,1.3227458703697006
446,1.391647322643876,train,1.2871175287360537,1.3355923222451644,1.3766369958133569
447,1.2714659036686178,test,1.2731841354365887,1.2871694661782436,1.29841334511845
448,1.2011305665566083,train,1.2094732181209,1.2197917475659468,1.192193647495575
449,0.9716219729946476,train,1.0068467391057447,1.0396299625864427,0.9539114034028252
450,1.0294499423719647,train,1.0018244645015506,0.8457840763096592,0.9946504425812884
451,0.13684630527111707,train,0.24190864796231185,0.6549613630827605,0.1028905879924219
452,0.6353765765290382,train,0.6948886834906368,0.8100011838291253,0.6322301590639039
453,1.0768177866749646,train,1.0095829100571478,1.0700579229268279,1.0374899104924018
454,1.1404619514401415,train,1.0563895905251128,1.292870570450024,1.1182812163386782
455,1.4482812597799264,train,1.3335366009325142,1.3224599697667816,1.4774654363899675
456,1.1930565448197692,test,1.2012689502303764,1.394270548508747,1.1200840999264083
457,0.1535427752431724,test,0.2404530116136947,0.6995778625702999,0.0878104999155298
458,1.3479345345550644,test,1.3399145916068391,1.2411745259571343,1.3961633521580679
459,1.0542369865377423,train,1.0601190023177138,0.9683991770189104,1.036778269345603
460,1.3343882089002126,test,1.3270664842718138,1.35267156407357,1.342800083891992
461,1.1810493497081074,train,1.1966698415508092,1.3194526155622552,1.1689543380380376
462,1.2416807250613542,test,1.2833627300233394,0.9066628200162812,1.257439320146721
463,0.8523875098709968,test,0.7533790319526437,0.8497161670238592,0.7137897297172925
464,1.4650813290560762,train,1.4157607075458059,1.3293258612386447,1.449754212642835
465,1.2356178065878107,train,1.3127927395482877,1.3487604956738155,1.2755013552528882
466,0.1675008410669081,test,0.3203146235191062,0.797199166509042,0.2095781459757754
467,0.8608064078279294,train,0.7787199892454789,0.7880729850830955,0.8048280248131736
468,1.2777531752087414,train,1.308973037704739,1.4059303410864898,1.2929345707592708
469,0.8814446647277148,train,0.9376449798888424,0.8781341421185739,0.9435772425654568
470,1.370987511426039,test,1.2868719668960078,0.9284087248389852,1.3783530833002398
471,1.4322033241580288,train,1.4480550961903005,1.1278305546188592,1.460092975482619
472,0.8920166962482904,train,0.9045666308403998,0.8646739098041188,0.9133025639067104
473,1.3378531622235048,train,1.3876487248241574,1.2747937711588355,1.3396194290314434
474,0.8762757099953064,train,0.9290477773118362,0.7487587934080354,0.8072698759297097
475,1.3085700908701958,train,1.2326205227165168,1.1926539129909342,1.21485903164995
476,1.5966034247896626,test,1.3685767210813886,1.21181226062809,1.7290395075091114
477,1.0574179671425905,test,1.0687997259671642,0.9926114299566284,1.0206978252807666
478,1.1909500486501192,train,1.1676357403562048,0.973361702284888,1.1482994441669931
479,0.6099038224182961,train,0.59893790951733,0.6793773789995833,0.5238768999394798
480,1.3826857648385429,train,1.3352899134912328,1.3532587645129426,1.3931600988943176
481,1.2885648350840044,train,1.2819473149132061,1.2575401002710531,1.3082100872986535
482,1.0353482761721349,test,0.9830663156666792,0.9184329097019348,1.0664500310505731
483,1.1703669447933622,test,1.1904102599391468,1.2601631485686668,1.1693305662360756
484,0.7844401333669948,train,0.6905580891123941,0.8791308491281593,0.7517700651380452
485,1.485049256631515,train,1.4478159015588372,1.3297573695296852,1.4546749088826147
486,0.7962680163787644,test,0.8127019097785605,0.8172035703242838,0.7459468715582157
487,0.8534899192229727,test,0.8395071361036797,0.7468324253917559,0.8891875716728304
488,0.6665185936379736,train,0.6950550213970799,0.7354292986040137,0.7179875554506038
489,1.1801959514318507,train,1.1090589495198506,1.0504041719582966,1.0842659013415847
490,1.4551260236238548,train,1.4243027186419963,1.323333264681936,1.515171635440094
491,1.5464737796147388,train,1.4525759060311798,1.399006214552622,1.5694126366311203
492,0.5962744205290486,train,0.7029817582684642,0.6797759105976845,0.5546208003102601
493,1.3274752074778775,train,1.352982658818672,1.3178470105285212,1.3511166601459248
494,0.8258792400188835,train,0.8580238538981158,0.7726204041680419,0.766174725961961
495,1.3611452939224529,test,1.3496352388690789,1.3579423098571737,1.2988546372385457
496,1.2806230963744103,test,1.3099252721685308,1.2886809732713191,1.3168991245619803
497,1.0005802065696592,train,0.9848157084282934,1.0000098597016858,0.9600492306885938
498,0.9930511867364094,train,0.8826482157371178,0.9161144630079541,0.8742393183673952
499,1.2549353007226849,train,1.2086297181550485,1.328832567012653,1.2593347307927227
