,model_type,n,alpha,l1_ratio,max_iter,n_estimators,max_features,max_depth,min_samples_split,min_samples_leaf,bootstrap,C,epsilon,kernel,activation,hidden_layer_sizes,solver
4664d455-b5c7-41a4-8754-9b148961dd7b,MLR,500,0.0010000000000000002,0.1,10000.0,,,,,,,,,,,,
ced27c84-8b14-4742-a2f0-9e2ac25b8de7,MLR,500,0.0316227766016838,0.55,10000.0,,,,,,,,,,,,
c40c2da0-7859-4965-a412-ca5919869d54,MLR,500,0.1778279410038923,0.325,10000.0,,,,,,,,,,,,
3e691af7-1db0-4635-9607-17243cbab5cf,MLR,500,0.005623413251903493,0.775,10000.0,,,,,,,,,,,,
4bc72368-8b45-41e4-b0cb-07583821be93,MLR,500,0.013335214321633242,0.4375,10000.0,,,,,,,,,,,,
0e0847dc-f875-4c49-9437-b814022814e6,MLR,500,0.4216965034285822,0.8875,10000.0,,,,,,,,,,,,
3b94ac72-8d9b-4f51-8095-38472bd11c22,MLR,500,0.07498942093324559,0.21250000000000002,10000.0,,,,,,,,,,,,
32f25ff1-7787-41a9-ab59-3fda03aefd53,MLR,500,0.002371373705661656,0.6625,10000.0,,,,,,,,,,,,
b3490307-9b10-461a-9b51-700d0f80b8a7,MLR,500,0.003651741272548378,0.38125,10000.0,,,,,,,,,,,,
06f51cb1-971c-470d-ae49-6352d3932e27,MLR,500,0.11547819846894583,0.83125,10000.0,,,,,,,,,,,,
e4c0a9ae-7640-4b27-a1c6-093de3763103,MLR,500,0.6493816315762113,0.15625,10000.0,,,,,,,,,,,,
b1bc6ff7-c29d-41cf-a535-9fd4bc25aa88,MLR,500,0.020535250264571463,0.60625,10000.0,,,,,,,,,,,,
e7734bfb-36fd-48cb-b7bf-bab3355831cb,MLR,500,0.008659643233600656,0.26875000000000004,10000.0,,,,,,,,,,,,
9be94bf9-0e03-4434-9b4f-fc09cd4a2046,MLR,500,0.27384196342643613,0.71875,10000.0,,,,,,,,,,,,
19827a44-94a3-48b6-b99a-8e83a4ceae07,MLR,500,0.04869675251658631,0.49375,10000.0,,,,,,,,,,,,
c51c2c4b-c5a0-415e-874c-a55b6fa872cb,MLR,500,0.0015399265260594922,0.94375,10000.0,,,,,,,,,,,,
d0e636ea-c5d9-4006-8a8e-6a5b85b9b820,RF,500,,,,1.0,0.010000000000000004,1.0,0.010000000000000004,0.010000000000000004,True,,,,,,
e6d04a35-fbfc-4cda-bc24-4fec8d42a3de,RF,500,,,,1.0,0.010000000000000004,1.0,0.010000000000000004,0.010000000000000004,False,,,,,,
21a76c61-e6c6-4a2f-8081-9d396609345b,RF,500,,,,50.0,0.10000000000000002,50.0,0.10000000000000002,0.10000000000000002,True,,,,,,
61e33a8e-9ce9-4545-ad37-0bcf69df6bbc,RF,500,,,,50.0,0.10000000000000002,50.0,0.10000000000000002,0.10000000000000002,False,,,,,,
67a2dc0f-2d09-4521-acc5-616e65df9c4d,RF,500,,,,75.0,0.0316227766016838,26.0,0.0316227766016838,0.31622776601683805,True,,,,,,
703e6e16-05ed-4768-8ade-85d7c6ae5cf2,RF,500,,,,75.0,0.0316227766016838,26.0,0.0316227766016838,0.31622776601683805,False,,,,,,
fb746c8c-0a1b-4d25-aaae-7c362165bb36,RF,500,,,,26.0,0.31622776601683805,75.0,0.31622776601683805,0.0316227766016838,True,,,,,,
b8d5fcc2-c2e5-4575-a791-9b758d583840,RF,500,,,,26.0,0.31622776601683805,75.0,0.31622776601683805,0.0316227766016838,False,,,,,,
20e8ad72-c542-4d41-bc63-80c69a232999,RF,500,,,,38.0,0.05623413251903493,63.0,0.562341325190349,0.05623413251903493,True,,,,,,
d7c2d130-e669-4198-bf38-31baa02dacb5,RF,500,,,,38.0,0.05623413251903493,63.0,0.562341325190349,0.05623413251903493,False,,,,,,
8d33fea5-4bc7-4524-b3c9-cd52567078b0,RF,500,,,,88.0,0.562341325190349,13.0,0.05623413251903493,0.562341325190349,True,,,,,,
88d708cf-a022-423f-a965-4533fd5228d5,RF,500,,,,88.0,0.562341325190349,13.0,0.05623413251903493,0.562341325190349,False,,,,,,
7c27d775-c588-438b-b918-dfb90dbb32cb,RF,500,,,,63.0,0.017782794100389243,88.0,0.1778279410038923,0.1778279410038923,True,,,,,,
2843e43f-3d6b-4895-9103-5528c8dd10e6,RF,500,,,,63.0,0.017782794100389243,88.0,0.1778279410038923,0.1778279410038923,False,,,,,,
3fd77790-3df1-4c2e-be3b-489c26d4be1f,RF,500,,,,13.0,0.1778279410038923,38.0,0.017782794100389243,0.017782794100389243,True,,,,,,
36afa550-699d-4651-ac40-2fff9d8b345c,RF,500,,,,13.0,0.1778279410038923,38.0,0.017782794100389243,0.017782794100389243,False,,,,,,
538592d8-0038-407c-b09b-93982423c595,RF,500,,,,20.0,0.04216965034285824,94.0,0.07498942093324559,0.13335214321633243,True,,,,,,
543aab45-ae58-4f39-90f9-971360e8d6f4,RF,500,,,,20.0,0.04216965034285824,94.0,0.07498942093324559,0.13335214321633243,False,,,,,,
62daf3a3-6883-42da-a81e-f0ab1c42fc44,RF,500,,,,69.0,0.4216965034285822,44.0,0.7498942093324561,0.013335214321633242,True,,,,,,
40cd647a-9dd4-4533-840d-9356d04f7108,RF,500,,,,69.0,0.4216965034285822,44.0,0.7498942093324561,0.013335214321633242,False,,,,,,
816f4a42-93a8-48f0-8771-fbfe219bc01f,RF,500,,,,94.0,0.013335214321633242,69.0,0.023713737056616564,0.04216965034285824,True,,,,,,
19fa92ac-c409-47ff-ae15-df5e78c5d8be,RF,500,,,,94.0,0.013335214321633242,69.0,0.023713737056616564,0.04216965034285824,False,,,,,,
ee0485b1-fe30-4f1a-b42a-1ba3d8b590b5,RF,500,,,,44.0,0.13335214321633243,20.0,0.23713737056616557,0.4216965034285822,True,,,,,,
7ef0d8ac-b038-4ef0-a81f-d338cad831eb,RF,500,,,,44.0,0.13335214321633243,20.0,0.23713737056616557,0.4216965034285822,False,,,,,,
71b08782-8898-49db-845c-f9b8bc4112ee,RF,500,,,,32.0,0.023713737056616564,32.0,0.13335214321633243,0.7498942093324561,True,,,,,,
27ed83b7-a968-4f29-bbdf-73903d802d81,RF,500,,,,32.0,0.023713737056616564,32.0,0.13335214321633243,0.7498942093324561,False,,,,,,
08711d70-f717-4d6b-a82c-8fc02ed23c28,RF,500,,,,81.0,0.23713737056616557,81.0,0.013335214321633242,0.07498942093324559,True,,,,,,
c116279c-9c31-4121-9377-4ce09ffe0213,RF,500,,,,81.0,0.23713737056616557,81.0,0.013335214321633242,0.07498942093324559,False,,,,,,
e4e74b3b-dfab-4f80-ab11-111d1e796014,RF,500,,,,57.0,0.07498942093324559,7.0,0.4216965034285822,0.023713737056616564,True,,,,,,
f85bc91a-e9b4-4310-9baf-ee6504bcbae2,RF,500,,,,57.0,0.07498942093324559,7.0,0.4216965034285822,0.023713737056616564,False,,,,,,
58629462-1b59-4e30-a4a0-319791f892d8,RF,500,,,,7.0,0.7498942093324561,57.0,0.04216965034285824,0.23713737056616557,True,,,,,,
3dfb41ff-cfd9-4ef6-b5e6-a43d64df7042,RF,500,,,,7.0,0.7498942093324561,57.0,0.04216965034285824,0.23713737056616557,False,,,,,,
e2ed71f3-a225-4366-a5f7-785169c6eb8a,SVR,500,,,,,,,,,,0.10000000000000002,0.0010000000000000002,linear,,,
806589e7-ed4c-40ff-8581-3d39e597a75f,SVR,500,,,,,,,,,,0.10000000000000002,0.0010000000000000002,poly,,,
e1d4fc82-f39d-484f-9ca5-798f8ee5d606,SVR,500,,,,,,,,,,0.10000000000000002,0.0010000000000000002,rbf,,,
67771bc0-c21f-468a-b4e5-a7c94c1b96c4,SVR,500,,,,,,,,,,0.10000000000000002,0.0010000000000000002,sigmoid,,,
7b6d5628-c147-45ab-b2a6-e3bf9b51e699,SVR,500,,,,,,,,,,3.1622776601683795,0.0316227766016838,linear,,,
ccc2da39-5e49-4b04-b487-5b6a3b529c33,SVR,500,,,,,,,,,,3.1622776601683795,0.0316227766016838,poly,,,
818352ec-bef6-41fe-9c50-3b178f539cbc,SVR,500,,,,,,,,,,3.1622776601683795,0.0316227766016838,rbf,,,
c4be43f9-d434-484c-8584-b53fb90f7608,SVR,500,,,,,,,,,,3.1622776601683795,0.0316227766016838,sigmoid,,,
f782c818-924c-4c97-b020-405d88f1d0cb,SVR,500,,,,,,,,,,17.78279410038923,0.005623413251903493,linear,,,
b24ab591-639c-464b-96b7-64b34d76f9ca,SVR,500,,,,,,,,,,17.78279410038923,0.005623413251903493,poly,,,
de9fd935-1d98-4b98-815d-f2057f2ec7da,SVR,500,,,,,,,,,,17.78279410038923,0.005623413251903493,rbf,,,
6ed92b8d-f221-426e-9b33-67b9b2c88deb,SVR,500,,,,,,,,,,17.78279410038923,0.005623413251903493,sigmoid,,,
122cde01-e056-46b8-9b90-4b5bed2708fb,SVR,500,,,,,,,,,,0.5623413251903492,0.1778279410038923,linear,,,
db94aa96-1d82-49d5-8f51-0f2389b3634a,SVR,500,,,,,,,,,,0.5623413251903492,0.1778279410038923,poly,,,
10bb4892-2f86-466f-ad48-ea67460ea64a,SVR,500,,,,,,,,,,0.5623413251903492,0.1778279410038923,rbf,,,
598d5cab-01e7-459c-bc94-1bc17521b977,SVR,500,,,,,,,,,,0.5623413251903492,0.1778279410038923,sigmoid,,,
2ed02030-1ccb-4dbf-ad5c-0798c5d5a2b0,SVR,500,,,,,,,,,,1.3335214321633242,0.013335214321633242,linear,,,
b3a02f7a-8328-471b-93a4-0a9f8d09c571,SVR,500,,,,,,,,,,1.3335214321633242,0.013335214321633242,poly,,,
15beb1ac-bbfd-49ae-9b93-0f7447c23bfc,SVR,500,,,,,,,,,,1.3335214321633242,0.013335214321633242,rbf,,,
7148ad64-5272-45b1-912f-64ff74170d9b,SVR,500,,,,,,,,,,1.3335214321633242,0.013335214321633242,sigmoid,,,
fa1ce190-4692-435a-81d8-3d3211bfb803,SVR,500,,,,,,,,,,42.169650342858226,0.4216965034285822,linear,,,
473295ba-6e81-4bcd-99b8-d0b1ec66c20a,SVR,500,,,,,,,,,,42.169650342858226,0.4216965034285822,poly,,,
d4e5b088-952b-42e6-bc96-9b82fa88f7ec,SVR,500,,,,,,,,,,42.169650342858226,0.4216965034285822,rbf,,,
109fe55e-7125-452b-931a-8d98c95c7994,SVR,500,,,,,,,,,,42.169650342858226,0.4216965034285822,sigmoid,,,
5b948890-5385-44c2-885a-3a1a2ea50d49,SVR,500,,,,,,,,,,7.498942093324559,0.002371373705661656,linear,,,
2d34a7e3-c788-4dda-8f7a-df6063491ae6,SVR,500,,,,,,,,,,7.498942093324559,0.002371373705661656,poly,,,
2b11b0f3-1935-4ad8-807f-768079fb4182,SVR,500,,,,,,,,,,7.498942093324559,0.002371373705661656,rbf,,,
bd662152-a698-4590-ac5b-9407a5cdbbfd,SVR,500,,,,,,,,,,7.498942093324559,0.002371373705661656,sigmoid,,,
19fd1350-cd90-44ff-9c7a-4c27f474cacd,SVR,500,,,,,,,,,,0.23713737056616557,0.07498942093324559,linear,,,
35a55797-3160-41f2-a706-2794ac53f1e5,SVR,500,,,,,,,,,,0.23713737056616557,0.07498942093324559,poly,,,
c77964ab-76bd-4a91-a4c7-c8bbb6939484,SVR,500,,,,,,,,,,0.23713737056616557,0.07498942093324559,rbf,,,
1e1c13c5-f44a-4881-b88c-b73e2983b7ff,SVR,500,,,,,,,,,,0.23713737056616557,0.07498942093324559,sigmoid,,,
7b0285a0-8cf4-440d-aa10-c4bb5dff262b,SVR,500,,,,,,,,,,0.3651741272548378,0.008659643233600656,linear,,,
97bf09fa-4569-4b40-927d-087648d2f3ee,SVR,500,,,,,,,,,,0.3651741272548378,0.008659643233600656,poly,,,
53facf81-77e7-4d8c-98db-4c233419c945,SVR,500,,,,,,,,,,0.3651741272548378,0.008659643233600656,rbf,,,
28a134d4-5c56-4092-b0dc-086021054127,SVR,500,,,,,,,,,,0.3651741272548378,0.008659643233600656,sigmoid,,,
7ed516d0-7db6-4d7c-bc82-8cab97f26541,SVR,500,,,,,,,,,,11.547819846894583,0.27384196342643613,linear,,,
9c2d1d98-4ab8-4948-9088-f5a3204a31ce,SVR,500,,,,,,,,,,11.547819846894583,0.27384196342643613,poly,,,
1fc6aeff-9863-4d92-830a-ad867e22d88a,SVR,500,,,,,,,,,,11.547819846894583,0.27384196342643613,rbf,,,
1a33ca78-dc21-44db-a042-bfa4ec2e880d,SVR,500,,,,,,,,,,11.547819846894583,0.27384196342643613,sigmoid,,,
422278b3-f59f-4ef9-9ec2-c27c8defd1e2,SVR,500,,,,,,,,,,64.93816315762116,0.0015399265260594922,linear,,,
b33b1b36-2449-4530-b764-da0ada8042cb,SVR,500,,,,,,,,,,64.93816315762116,0.0015399265260594922,poly,,,
618a7abb-6e40-4dde-a7ef-d53f0250f77f,SVR,500,,,,,,,,,,64.93816315762116,0.0015399265260594922,rbf,,,
7a1d1810-b135-4316-8513-649277bb6b6c,SVR,500,,,,,,,,,,64.93816315762116,0.0015399265260594922,sigmoid,,,
faf154f6-c5cc-4207-9f15-5b50b7c3d84c,SVR,500,,,,,,,,,,2.0535250264571463,0.04869675251658631,linear,,,
c9f3b70f-23a9-455b-bd67-fd18b30b50a3,SVR,500,,,,,,,,,,2.0535250264571463,0.04869675251658631,poly,,,
99b45592-3068-43a7-b91e-bec629ca59c3,SVR,500,,,,,,,,,,2.0535250264571463,0.04869675251658631,rbf,,,
bf44cc52-583a-48e5-a437-28cf75ee4e3c,SVR,500,,,,,,,,,,2.0535250264571463,0.04869675251658631,sigmoid,,,
5f9f8ee4-3957-4853-afcc-6b1bddc54dba,SVR,500,,,,,,,,,,0.8659643233600655,0.003651741272548378,linear,,,
3f62861e-5244-49dd-b307-9a19f79d01d1,SVR,500,,,,,,,,,,0.8659643233600655,0.003651741272548378,poly,,,
36258a1c-6912-44d3-ba7b-1f31147f95fa,SVR,500,,,,,,,,,,0.8659643233600655,0.003651741272548378,rbf,,,
b354715d-0bfd-4110-89e5-f496b29836aa,SVR,500,,,,,,,,,,0.8659643233600655,0.003651741272548378,sigmoid,,,
5bf46ef2-42ce-485b-bf44-b9d290bb1b4a,SVR,500,,,,,,,,,,27.384196342643612,0.11547819846894583,linear,,,
d9fe859b-7f42-4c12-a44e-05253779a7ed,SVR,500,,,,,,,,,,27.384196342643612,0.11547819846894583,poly,,,
26989cc5-b49c-45ee-852d-b959eb1527fb,SVR,500,,,,,,,,,,27.384196342643612,0.11547819846894583,rbf,,,
9dac8542-3b32-4a71-8f14-704ba5295987,SVR,500,,,,,,,,,,27.384196342643612,0.11547819846894583,sigmoid,,,
1a7d67f8-d20d-49b0-b567-08a78c3e79ab,SVR,500,,,,,,,,,,4.869675251658632,0.020535250264571463,linear,,,
86b10cd1-25ce-494a-ad75-617a693f838e,SVR,500,,,,,,,,,,4.869675251658632,0.020535250264571463,poly,,,
5ffc93bb-5ba5-4563-88db-6c33bc243d5d,SVR,500,,,,,,,,,,4.869675251658632,0.020535250264571463,rbf,,,
99febe6f-65fa-4dc1-8440-d3849bb1a2dd,SVR,500,,,,,,,,,,4.869675251658632,0.020535250264571463,sigmoid,,,
1d8dfc4d-894b-422b-9304-5e63984ae9af,SVR,500,,,,,,,,,,0.15399265260594922,0.6493816315762113,linear,,,
83241b27-457c-4478-b943-65e53514cbce,SVR,500,,,,,,,,,,0.15399265260594922,0.6493816315762113,poly,,,
b31360b3-39aa-4ad1-a7f6-1d4ff6d548e8,SVR,500,,,,,,,,,,0.15399265260594922,0.6493816315762113,rbf,,,
ce45858f-b503-4a29-95a2-46e1488f254e,SVR,500,,,,,,,,,,0.15399265260594922,0.6493816315762113,sigmoid,,,
fe2d41c3-2f93-48d0-aad9-b43c7b30ae08,MLP,500,0.00010000000000000009,,1000.0,,,,,,,,,,identity,"(5,)",lbfgs
5d9a042b-18b5-40cc-a4b3-501d95cba09f,MLP,500,0.00010000000000000009,,1000.0,,,,,,,,,,identity,"(5, 5)",lbfgs
3041d33f-b19a-45ba-9653-4f46f38351e6,MLP,500,0.00010000000000000009,,1000.0,,,,,,,,,,identity,"(5, 10)",lbfgs
28e69c42-7ea5-4703-b447-e71a7a80a9f1,MLP,500,0.00010000000000000009,,1000.0,,,,,,,,,,identity,"(25,)",lbfgs
c0797a3f-2d0f-4c5f-a848-23a0be1a4f5b,MLP,500,0.00010000000000000009,,1000.0,,,,,,,,,,identity,"(25, 25)",lbfgs
fba7cb8a-6704-4b75-a53b-0046a11c9d89,MLP,500,0.00010000000000000009,,1000.0,,,,,,,,,,identity,"(25, 50)",lbfgs
39548247-3c53-46be-ab57-cdfd652cfda2,MLP,500,0.00010000000000000009,,1000.0,,,,,,,,,,identity,"(50,)",lbfgs
1b58326e-57ee-4c62-aafe-0c2d6fefdb4a,MLP,500,0.00010000000000000009,,1000.0,,,,,,,,,,identity,"(50, 25)",lbfgs
9d26f254-acfa-486d-a377-99ff1ae6b4c2,MLP,500,0.00010000000000000009,,1000.0,,,,,,,,,,identity,"(50, 50)",lbfgs
06f21706-8bd3-4e03-a46e-acfbd2493a8c,MLP,500,0.00010000000000000009,,1000.0,,,,,,,,,,logistic,"(5,)",lbfgs
2eb309ef-12b8-41a3-bc53-3210fa4bfc03,MLP,500,0.00010000000000000009,,1000.0,,,,,,,,,,logistic,"(5, 5)",lbfgs
cb9e60e2-6c29-4060-81bf-25878769966a,MLP,500,0.00010000000000000009,,1000.0,,,,,,,,,,logistic,"(5, 10)",lbfgs
121071ee-97c3-4dd3-bd1b-3a17249dc611,MLP,500,0.00010000000000000009,,1000.0,,,,,,,,,,logistic,"(25,)",lbfgs
81c1a3a1-ec29-4309-9d0a-8b9277c8b74c,MLP,500,0.00010000000000000009,,1000.0,,,,,,,,,,logistic,"(25, 25)",lbfgs
6a3e7830-5c79-4fd5-a730-f70d2360f2ca,MLP,500,0.00010000000000000009,,1000.0,,,,,,,,,,logistic,"(25, 50)",lbfgs
3a6e702b-bb27-4bb1-9f90-23c96167fb3a,MLP,500,0.00010000000000000009,,1000.0,,,,,,,,,,logistic,"(50,)",lbfgs
4efa20cc-ba98-4970-816c-3291ec164e79,MLP,500,0.00010000000000000009,,1000.0,,,,,,,,,,logistic,"(50, 25)",lbfgs
0b8de0d7-cee2-40a5-be3c-c9269e60d168,MLP,500,0.00010000000000000009,,1000.0,,,,,,,,,,logistic,"(50, 50)",lbfgs
8c3aae47-6816-49b6-82ba-43aefbfa8079,MLP,500,0.00010000000000000009,,1000.0,,,,,,,,,,tanh,"(5,)",lbfgs
1e6d55f6-3b92-4580-a837-35cc2a60b7f1,MLP,500,0.00010000000000000009,,1000.0,,,,,,,,,,tanh,"(5, 5)",lbfgs
c0e90d37-6837-4b2d-99ce-966ca2ba2bbd,MLP,500,0.00010000000000000009,,1000.0,,,,,,,,,,tanh,"(5, 10)",lbfgs
1f3f4cd4-ea59-4a2a-882d-7c451e490051,MLP,500,0.00010000000000000009,,1000.0,,,,,,,,,,tanh,"(25,)",lbfgs
4fd74239-7ecd-4331-a53e-e27f1b8ef075,MLP,500,0.00010000000000000009,,1000.0,,,,,,,,,,tanh,"(25, 25)",lbfgs
93b4dab2-cdcf-41a3-8ec4-7b9560311546,MLP,500,0.00010000000000000009,,1000.0,,,,,,,,,,tanh,"(25, 50)",lbfgs
a7d96f25-9c68-48a8-812d-304e00174a0d,MLP,500,0.00010000000000000009,,1000.0,,,,,,,,,,tanh,"(50,)",lbfgs
a005930d-3f1e-4e7a-95f2-e2042c86ae78,MLP,500,0.00010000000000000009,,1000.0,,,,,,,,,,tanh,"(50, 25)",lbfgs
f78dee39-11c7-4756-8d47-1bb7cd18d1d2,MLP,500,0.00010000000000000009,,1000.0,,,,,,,,,,tanh,"(50, 50)",lbfgs
737e3a6b-df0e-4ee2-bcf5-8ec16d8c3653,MLP,500,0.00010000000000000009,,1000.0,,,,,,,,,,relu,"(5,)",lbfgs
3ae18be9-cc52-4a8f-b9e7-3ea1a155fc79,MLP,500,0.00010000000000000009,,1000.0,,,,,,,,,,relu,"(5, 5)",lbfgs
609c5c13-d2f8-4f8d-affc-9803ad0acbbc,MLP,500,0.00010000000000000009,,1000.0,,,,,,,,,,relu,"(5, 10)",lbfgs
8b75543a-f713-4888-9b81-d5cf2e6db03d,MLP,500,0.00010000000000000009,,1000.0,,,,,,,,,,relu,"(25,)",lbfgs
c0753831-8ec0-4c0e-a0b1-95e83258b3e6,MLP,500,0.00010000000000000009,,1000.0,,,,,,,,,,relu,"(25, 25)",lbfgs
ae02f9c6-1e9c-413b-aed6-50a2d2fe3c98,MLP,500,0.00010000000000000009,,1000.0,,,,,,,,,,relu,"(25, 50)",lbfgs
77a5fbf1-f77f-49d8-aa63-db12efcd721f,MLP,500,0.00010000000000000009,,1000.0,,,,,,,,,,relu,"(50,)",lbfgs
bf7ef783-efd7-4a95-b699-0b70b502650b,MLP,500,0.00010000000000000009,,1000.0,,,,,,,,,,relu,"(50, 25)",lbfgs
8cb857d2-4427-4958-b4cc-1fe1d0893f60,MLP,500,0.00010000000000000009,,1000.0,,,,,,,,,,relu,"(50, 50)",lbfgs
d94a0657-5fe0-4b66-9f58-cfe97ac94c17,MLP,500,0.010000000000000004,,1000.0,,,,,,,,,,identity,"(5,)",lbfgs
fa4ffce3-6fbe-400a-810c-a2c138e09b55,MLP,500,0.010000000000000004,,1000.0,,,,,,,,,,identity,"(5, 5)",lbfgs
4eaaaf54-2265-41a7-9fe3-6c9931f33585,MLP,500,0.010000000000000004,,1000.0,,,,,,,,,,identity,"(5, 10)",lbfgs
c8930948-435a-446a-8432-3ca89c02f76b,MLP,500,0.010000000000000004,,1000.0,,,,,,,,,,identity,"(25,)",lbfgs
6764cca1-df8d-424f-bb29-1132df1ad700,MLP,500,0.010000000000000004,,1000.0,,,,,,,,,,identity,"(25, 25)",lbfgs
41519ec7-548f-4dc0-8ae0-41b30532a9b5,MLP,500,0.010000000000000004,,1000.0,,,,,,,,,,identity,"(25, 50)",lbfgs
1cf6e117-f7cb-407b-ad59-e4aa1541bb7c,MLP,500,0.010000000000000004,,1000.0,,,,,,,,,,identity,"(50,)",lbfgs
904793a6-b292-4d8c-ab00-90c5488e1cc5,MLP,500,0.010000000000000004,,1000.0,,,,,,,,,,identity,"(50, 25)",lbfgs
55a98987-0b93-4d1b-9264-b5c8cfbc402a,MLP,500,0.010000000000000004,,1000.0,,,,,,,,,,identity,"(50, 50)",lbfgs
f4eafb48-beeb-4e58-b1e7-510c49c28113,MLP,500,0.010000000000000004,,1000.0,,,,,,,,,,logistic,"(5,)",lbfgs
79db63b1-e583-4e47-824c-eb1bfed3bc2c,MLP,500,0.010000000000000004,,1000.0,,,,,,,,,,logistic,"(5, 5)",lbfgs
a6451e49-9c05-4e3e-b66b-1f4c4086edaf,MLP,500,0.010000000000000004,,1000.0,,,,,,,,,,logistic,"(5, 10)",lbfgs
3e701482-0c69-400c-8e89-5edd183ac9ee,MLP,500,0.010000000000000004,,1000.0,,,,,,,,,,logistic,"(25,)",lbfgs
45373557-d716-4032-8348-5bc7f4f2dda1,MLP,500,0.010000000000000004,,1000.0,,,,,,,,,,logistic,"(25, 25)",lbfgs
e5274760-ab4a-4007-8c7b-4d582ba08992,MLP,500,0.010000000000000004,,1000.0,,,,,,,,,,logistic,"(25, 50)",lbfgs
35bf29f7-fd02-4293-a22f-8ad75ed7e724,MLP,500,0.010000000000000004,,1000.0,,,,,,,,,,logistic,"(50,)",lbfgs
1e69abe6-7fea-4478-bd3d-9b52a1691f1a,MLP,500,0.010000000000000004,,1000.0,,,,,,,,,,logistic,"(50, 25)",lbfgs
56bb5e52-7bab-4116-825e-2f37fe47d00e,MLP,500,0.010000000000000004,,1000.0,,,,,,,,,,logistic,"(50, 50)",lbfgs
5ad34cfa-4e9e-4d9a-aac3-38ef4e7bc673,MLP,500,0.010000000000000004,,1000.0,,,,,,,,,,tanh,"(5,)",lbfgs
4a5f8322-a30d-4466-9b8b-b17cafda985e,MLP,500,0.010000000000000004,,1000.0,,,,,,,,,,tanh,"(5, 5)",lbfgs
3dfdc84f-c53f-4b14-a52b-fcfb73be0d18,MLP,500,0.010000000000000004,,1000.0,,,,,,,,,,tanh,"(5, 10)",lbfgs
eb3489d1-3d7d-4c65-bc5a-7a860a64f84a,MLP,500,0.010000000000000004,,1000.0,,,,,,,,,,tanh,"(25,)",lbfgs
016b5f3d-e2ee-4ae3-8956-69780d2e1668,MLP,500,0.010000000000000004,,1000.0,,,,,,,,,,tanh,"(25, 25)",lbfgs
b38960b1-8a1d-4869-82fa-e0211e49e404,MLP,500,0.010000000000000004,,1000.0,,,,,,,,,,tanh,"(25, 50)",lbfgs
03430d3c-bc70-41b2-84d3-03a8af993367,MLP,500,0.010000000000000004,,1000.0,,,,,,,,,,tanh,"(50,)",lbfgs
02ef6fb8-73db-42b4-be2d-df1f843f2f56,MLP,500,0.010000000000000004,,1000.0,,,,,,,,,,tanh,"(50, 25)",lbfgs
7aed4a90-8c1e-463a-9d0f-5351b57debd1,MLP,500,0.010000000000000004,,1000.0,,,,,,,,,,tanh,"(50, 50)",lbfgs
d41fe23f-ee3f-4ea2-9aaf-22c3c72b8097,MLP,500,0.010000000000000004,,1000.0,,,,,,,,,,relu,"(5,)",lbfgs
b8a3c722-c042-424c-ae04-cefb92ad2568,MLP,500,0.010000000000000004,,1000.0,,,,,,,,,,relu,"(5, 5)",lbfgs
720d520b-0587-46b8-b83f-6c48850ede49,MLP,500,0.010000000000000004,,1000.0,,,,,,,,,,relu,"(5, 10)",lbfgs
677b65f0-1f10-4369-ba63-ae683024d689,MLP,500,0.010000000000000004,,1000.0,,,,,,,,,,relu,"(25,)",lbfgs
001dbbce-8183-4178-9649-dd09337604eb,MLP,500,0.010000000000000004,,1000.0,,,,,,,,,,relu,"(25, 25)",lbfgs
a428c524-b545-4d7e-86c4-8c01271482af,MLP,500,0.010000000000000004,,1000.0,,,,,,,,,,relu,"(25, 50)",lbfgs
32304abd-e492-441d-9932-a73bb19e05ed,MLP,500,0.010000000000000004,,1000.0,,,,,,,,,,relu,"(50,)",lbfgs
96abc4fd-6335-4d5e-8a9a-dd93e98b7713,MLP,500,0.010000000000000004,,1000.0,,,,,,,,,,relu,"(50, 25)",lbfgs
fdeb59a9-e40f-491b-84c1-e94113d82945,MLP,500,0.010000000000000004,,1000.0,,,,,,,,,,relu,"(50, 50)",lbfgs
693f18af-29c9-4fe6-a3a4-57246d90cda2,MLP,500,0.10000000000000006,,1000.0,,,,,,,,,,identity,"(5,)",lbfgs
0788b484-821c-40b0-807d-61f09bccc901,MLP,500,0.10000000000000006,,1000.0,,,,,,,,,,identity,"(5, 5)",lbfgs
e88c4d7b-f5b7-4fa6-8c33-25b565709edc,MLP,500,0.10000000000000006,,1000.0,,,,,,,,,,identity,"(5, 10)",lbfgs
5309d0f8-86e5-48d5-be4c-88bfa1d52716,MLP,500,0.10000000000000006,,1000.0,,,,,,,,,,identity,"(25,)",lbfgs
ff07d87e-b463-4437-b47f-0cf116e2f8fb,MLP,500,0.10000000000000006,,1000.0,,,,,,,,,,identity,"(25, 25)",lbfgs
2678bacb-b0fd-4d95-9f7a-4550e2d633dd,MLP,500,0.10000000000000006,,1000.0,,,,,,,,,,identity,"(25, 50)",lbfgs
4c3ab245-bb27-484d-b071-202e4b385f94,MLP,500,0.10000000000000006,,1000.0,,,,,,,,,,identity,"(50,)",lbfgs
146b5d96-74cf-4a24-a937-6440c2f425c3,MLP,500,0.10000000000000006,,1000.0,,,,,,,,,,identity,"(50, 25)",lbfgs
2393f5a7-b5ab-4c7a-8061-2c3432faf7a8,MLP,500,0.10000000000000006,,1000.0,,,,,,,,,,identity,"(50, 50)",lbfgs
15fd58df-5e21-4bc7-995b-7442b41ad620,MLP,500,0.10000000000000006,,1000.0,,,,,,,,,,logistic,"(5,)",lbfgs
1a878357-3b09-4e01-976a-2179195597bd,MLP,500,0.10000000000000006,,1000.0,,,,,,,,,,logistic,"(5, 5)",lbfgs
95729b28-412e-40bf-9eab-dfb9f4bfca5c,MLP,500,0.10000000000000006,,1000.0,,,,,,,,,,logistic,"(5, 10)",lbfgs
588c4c9c-88af-4ac4-83c8-5550ceb306b7,MLP,500,0.10000000000000006,,1000.0,,,,,,,,,,logistic,"(25,)",lbfgs
6fb121d5-3b82-4b25-8523-f60be4d96e59,MLP,500,0.10000000000000006,,1000.0,,,,,,,,,,logistic,"(25, 25)",lbfgs
b407f69e-0bc2-414e-856a-62eb941c0418,MLP,500,0.10000000000000006,,1000.0,,,,,,,,,,logistic,"(25, 50)",lbfgs
93e4985f-3fd0-42c2-8a6a-0b88f63a04b2,MLP,500,0.10000000000000006,,1000.0,,,,,,,,,,logistic,"(50,)",lbfgs
37729116-c1d8-4f17-bf11-7e08c96aeb6c,MLP,500,0.10000000000000006,,1000.0,,,,,,,,,,logistic,"(50, 25)",lbfgs
904735d0-cab0-4781-893d-9e6b714f919f,MLP,500,0.10000000000000006,,1000.0,,,,,,,,,,logistic,"(50, 50)",lbfgs
30a015d9-eec1-4e99-be55-e852a3c596b7,MLP,500,0.10000000000000006,,1000.0,,,,,,,,,,tanh,"(5,)",lbfgs
4fe65e60-26fd-4638-8f35-03c43d7c3ea0,MLP,500,0.10000000000000006,,1000.0,,,,,,,,,,tanh,"(5, 5)",lbfgs
46bcedab-8b68-49ad-a030-5daa7aa6ef8f,MLP,500,0.10000000000000006,,1000.0,,,,,,,,,,tanh,"(5, 10)",lbfgs
fa07056e-1203-4f06-a663-7006d8940b50,MLP,500,0.10000000000000006,,1000.0,,,,,,,,,,tanh,"(25,)",lbfgs
f2d383c3-8d19-4df3-b259-f7a4b2a7bdd5,MLP,500,0.10000000000000006,,1000.0,,,,,,,,,,tanh,"(25, 25)",lbfgs
d1f88bcd-186f-4450-a192-1e7f7252553d,MLP,500,0.10000000000000006,,1000.0,,,,,,,,,,tanh,"(25, 50)",lbfgs
f3059ed2-f56d-4350-9dfe-44d3edb897aa,MLP,500,0.10000000000000006,,1000.0,,,,,,,,,,tanh,"(50,)",lbfgs
6b48ad6d-7225-47ef-9221-db05986b4cc6,MLP,500,0.10000000000000006,,1000.0,,,,,,,,,,tanh,"(50, 25)",lbfgs
371fdeb3-d841-40d6-a2d4-0ec9e727329f,MLP,500,0.10000000000000006,,1000.0,,,,,,,,,,tanh,"(50, 50)",lbfgs
85ddb53e-ace5-4211-b9dd-50eb4a4a4d17,MLP,500,0.10000000000000006,,1000.0,,,,,,,,,,relu,"(5,)",lbfgs
80c4a700-dab2-41e9-ba8c-698d9c58e862,MLP,500,0.10000000000000006,,1000.0,,,,,,,,,,relu,"(5, 5)",lbfgs
4df8f4f6-cef6-49a3-b9df-dde1a02f4621,MLP,500,0.10000000000000006,,1000.0,,,,,,,,,,relu,"(5, 10)",lbfgs
b2e1f8dc-d040-4239-903e-78bee1ae741f,MLP,500,0.10000000000000006,,1000.0,,,,,,,,,,relu,"(25,)",lbfgs
774ddc1d-a3d1-4853-b3b3-4250f4b6444a,MLP,500,0.10000000000000006,,1000.0,,,,,,,,,,relu,"(25, 25)",lbfgs
93a832a7-795b-472e-b9fb-5cee72b0a0e7,MLP,500,0.10000000000000006,,1000.0,,,,,,,,,,relu,"(25, 50)",lbfgs
0c9126fc-46e4-41ea-9980-7f9de600fb34,MLP,500,0.10000000000000006,,1000.0,,,,,,,,,,relu,"(50,)",lbfgs
a6734347-a9af-423e-82eb-a31aee97e76d,MLP,500,0.10000000000000006,,1000.0,,,,,,,,,,relu,"(50, 25)",lbfgs
ddd4a0f4-a4ee-4920-b125-44735fb2b3d0,MLP,500,0.10000000000000006,,1000.0,,,,,,,,,,relu,"(50, 50)",lbfgs
24ba2e99-d851-432a-a14c-52f36b46655f,MLP,500,0.0010000000000000002,,1000.0,,,,,,,,,,identity,"(5,)",lbfgs
2db53d85-29c9-4771-9769-c7ae3b465e76,MLP,500,0.0010000000000000002,,1000.0,,,,,,,,,,identity,"(5, 5)",lbfgs
e2dbf4ef-7d1d-40e5-a870-0515c83fe2a2,MLP,500,0.0010000000000000002,,1000.0,,,,,,,,,,identity,"(5, 10)",lbfgs
a2b5d71b-3821-4593-8194-0b0c0a01040c,MLP,500,0.0010000000000000002,,1000.0,,,,,,,,,,identity,"(25,)",lbfgs
f6ee478c-f067-48c4-a6fc-f2fe69fa60a9,MLP,500,0.0010000000000000002,,1000.0,,,,,,,,,,identity,"(25, 25)",lbfgs
f6afab4a-5d69-428d-b2e1-715429905a17,MLP,500,0.0010000000000000002,,1000.0,,,,,,,,,,identity,"(25, 50)",lbfgs
61232dfb-a6b5-4e96-883f-370b5aac2c17,MLP,500,0.0010000000000000002,,1000.0,,,,,,,,,,identity,"(50,)",lbfgs
75f1a535-695f-4983-8eb7-9928e6bee9c5,MLP,500,0.0010000000000000002,,1000.0,,,,,,,,,,identity,"(50, 25)",lbfgs
cad87b9f-044e-4c51-92ce-e401a188fc69,MLP,500,0.0010000000000000002,,1000.0,,,,,,,,,,identity,"(50, 50)",lbfgs
4228b79c-b0cf-46d7-a201-cc5cbd187cfb,MLP,500,0.0010000000000000002,,1000.0,,,,,,,,,,logistic,"(5,)",lbfgs
e4d732a3-d404-42ec-8a71-0139c43453c6,MLP,500,0.0010000000000000002,,1000.0,,,,,,,,,,logistic,"(5, 5)",lbfgs
a106d3ce-77e9-4e3d-a52b-b9e3a2ba1f57,MLP,500,0.0010000000000000002,,1000.0,,,,,,,,,,logistic,"(5, 10)",lbfgs
8ece3db1-d7c1-493c-b4e6-04853daed8f7,MLP,500,0.0010000000000000002,,1000.0,,,,,,,,,,logistic,"(25,)",lbfgs
991a2898-d075-484e-bf3a-b04e5a8d8c51,MLP,500,0.0010000000000000002,,1000.0,,,,,,,,,,logistic,"(25, 25)",lbfgs
9bb2b970-868e-47e6-a166-e2b8ed63e8fc,MLP,500,0.0010000000000000002,,1000.0,,,,,,,,,,logistic,"(25, 50)",lbfgs
dcbce2ae-9f85-44fb-93f7-eaf171f0d598,MLP,500,0.0010000000000000002,,1000.0,,,,,,,,,,logistic,"(50,)",lbfgs
ab478e08-64f9-4905-b1a4-2e9ca47f88cf,MLP,500,0.0010000000000000002,,1000.0,,,,,,,,,,logistic,"(50, 25)",lbfgs
fd799a22-8071-41ac-98c4-81e4a019b0ca,MLP,500,0.0010000000000000002,,1000.0,,,,,,,,,,logistic,"(50, 50)",lbfgs
f5c40a35-e045-467e-85cd-a12164c8862b,MLP,500,0.0010000000000000002,,1000.0,,,,,,,,,,tanh,"(5,)",lbfgs
f8267069-63ac-4bce-b113-d89ff9e662ab,MLP,500,0.0010000000000000002,,1000.0,,,,,,,,,,tanh,"(5, 5)",lbfgs
834062cd-c69b-4d54-a873-5319e4f5889e,MLP,500,0.0010000000000000002,,1000.0,,,,,,,,,,tanh,"(5, 10)",lbfgs
d6f91456-93c8-4c14-8107-8c7aae82765b,MLP,500,0.0010000000000000002,,1000.0,,,,,,,,,,tanh,"(25,)",lbfgs
ac1aac80-a93f-441c-847b-a3ee2f9472d0,MLP,500,0.0010000000000000002,,1000.0,,,,,,,,,,tanh,"(25, 25)",lbfgs
a59247c0-3d1b-4ee2-a019-b2e7994c0204,MLP,500,0.0010000000000000002,,1000.0,,,,,,,,,,tanh,"(25, 50)",lbfgs
07efd4e9-86f1-437e-8276-1f8929e6af8d,MLP,500,0.0010000000000000002,,1000.0,,,,,,,,,,tanh,"(50,)",lbfgs
be88e2e8-0d63-42f3-84ee-f326352ab9b8,MLP,500,0.0010000000000000002,,1000.0,,,,,,,,,,tanh,"(50, 25)",lbfgs
84eefe09-fefb-418f-93b5-0232d12de449,MLP,500,0.0010000000000000002,,1000.0,,,,,,,,,,tanh,"(50, 50)",lbfgs
848e94a3-33ab-40cf-b66f-b5fd266c2f82,MLP,500,0.0010000000000000002,,1000.0,,,,,,,,,,relu,"(5,)",lbfgs
0e8f78bc-607a-4b9a-9869-1ea12442390a,MLP,500,0.0010000000000000002,,1000.0,,,,,,,,,,relu,"(5, 5)",lbfgs
55102a3a-6bd5-4064-99da-801bd1db08b4,MLP,500,0.0010000000000000002,,1000.0,,,,,,,,,,relu,"(5, 10)",lbfgs
71ca6b47-b534-43d4-a977-6d00b7baa18d,MLP,500,0.0010000000000000002,,1000.0,,,,,,,,,,relu,"(25,)",lbfgs
c97c1fd2-917c-4d3c-82a5-f67160e5f9f4,MLP,500,0.0010000000000000002,,1000.0,,,,,,,,,,relu,"(25, 25)",lbfgs
37b68ffd-f2b0-4033-ab06-375ee3c6b6e4,MLP,500,0.0010000000000000002,,1000.0,,,,,,,,,,relu,"(25, 50)",lbfgs
1106d5ad-c0cc-4bd8-9695-54ac3404abed,MLP,500,0.0010000000000000002,,1000.0,,,,,,,,,,relu,"(50,)",lbfgs
2c137803-0c69-4dcf-aec0-b06db5ae6126,MLP,500,0.0010000000000000002,,1000.0,,,,,,,,,,relu,"(50, 25)",lbfgs
f894a020-54f5-4708-9958-8ee424960260,MLP,500,0.0010000000000000002,,1000.0,,,,,,,,,,relu,"(50, 50)",lbfgs
01fedcfc-e0ed-4bc4-997f-bb089e197182,MLP,500,0.003162277660168382,,1000.0,,,,,,,,,,identity,"(5,)",lbfgs
9c50a9e8-634f-4cc0-b372-c235b39b660b,MLP,500,0.003162277660168382,,1000.0,,,,,,,,,,identity,"(5, 5)",lbfgs
971dc4c8-4f05-4558-9427-23ab1a273b57,MLP,500,0.003162277660168382,,1000.0,,,,,,,,,,identity,"(5, 10)",lbfgs
a2f3da7f-c6d8-423a-8940-c3524ebe81d7,MLP,500,0.003162277660168382,,1000.0,,,,,,,,,,identity,"(25,)",lbfgs
0238dec2-b314-44c4-a481-de097edc8332,MLP,500,0.003162277660168382,,1000.0,,,,,,,,,,identity,"(25, 25)",lbfgs
f5bb1cbb-cbd0-4676-8170-bb440086ec3b,MLP,500,0.003162277660168382,,1000.0,,,,,,,,,,identity,"(25, 50)",lbfgs
22a124c5-4fd9-4053-a1bf-a388c0a1224e,MLP,500,0.003162277660168382,,1000.0,,,,,,,,,,identity,"(50,)",lbfgs
51de0f3e-0ed2-4678-b97e-b22153d3d10b,MLP,500,0.003162277660168382,,1000.0,,,,,,,,,,identity,"(50, 25)",lbfgs
d0b0c3d6-2aa7-4cb4-ae1d-91f4fa337f5f,MLP,500,0.003162277660168382,,1000.0,,,,,,,,,,identity,"(50, 50)",lbfgs
06eacbe3-1d14-4bc6-b4e0-9026f8279445,MLP,500,0.003162277660168382,,1000.0,,,,,,,,,,logistic,"(5,)",lbfgs
673d4e9e-a977-451d-bd27-799af1e84a84,MLP,500,0.003162277660168382,,1000.0,,,,,,,,,,logistic,"(5, 5)",lbfgs
5d168572-e59c-47d8-a9df-09ee50c315e5,MLP,500,0.003162277660168382,,1000.0,,,,,,,,,,logistic,"(5, 10)",lbfgs
2a85531b-8bee-4cee-880e-882f1d60bb6c,MLP,500,0.003162277660168382,,1000.0,,,,,,,,,,logistic,"(25,)",lbfgs
1fd8486e-a8bc-4a3e-a05f-a456b36e1fbe,MLP,500,0.003162277660168382,,1000.0,,,,,,,,,,logistic,"(25, 25)",lbfgs
e24bd9a9-6fe9-4ec4-afe1-01fdb2766d59,MLP,500,0.003162277660168382,,1000.0,,,,,,,,,,logistic,"(25, 50)",lbfgs
b5ae0fe2-f683-4857-959c-dbc382f47d2c,MLP,500,0.003162277660168382,,1000.0,,,,,,,,,,logistic,"(50,)",lbfgs
4e211530-b9d1-4bec-81dd-a60dacc7bcfc,MLP,500,0.003162277660168382,,1000.0,,,,,,,,,,logistic,"(50, 25)",lbfgs
92d9caee-12c8-4b0b-8e6d-2022113eb43c,MLP,500,0.003162277660168382,,1000.0,,,,,,,,,,logistic,"(50, 50)",lbfgs
c1c5b33c-5b45-471c-95b4-df9cc2abbe51,MLP,500,0.003162277660168382,,1000.0,,,,,,,,,,tanh,"(5,)",lbfgs
f2d84a37-d418-430b-b18b-9fb3dc2e3590,MLP,500,0.003162277660168382,,1000.0,,,,,,,,,,tanh,"(5, 5)",lbfgs
a35e934c-a0e6-4582-84aa-58ee49441243,MLP,500,0.003162277660168382,,1000.0,,,,,,,,,,tanh,"(5, 10)",lbfgs
9be5999a-0ec0-48d6-84c9-63e41badf55d,MLP,500,0.003162277660168382,,1000.0,,,,,,,,,,tanh,"(25,)",lbfgs
5414e310-520c-4b86-9ada-64046db2ebfd,MLP,500,0.003162277660168382,,1000.0,,,,,,,,,,tanh,"(25, 25)",lbfgs
b86e4fb5-eee7-44a2-a435-493f94f23733,MLP,500,0.003162277660168382,,1000.0,,,,,,,,,,tanh,"(25, 50)",lbfgs
9b4298d9-4782-47a2-8b21-33269e231dfa,MLP,500,0.003162277660168382,,1000.0,,,,,,,,,,tanh,"(50,)",lbfgs
1babf7f5-c72d-4cf0-8884-ca9b94836baa,MLP,500,0.003162277660168382,,1000.0,,,,,,,,,,tanh,"(50, 25)",lbfgs
572aad62-42af-459c-8e47-40b2312b9b0c,MLP,500,0.003162277660168382,,1000.0,,,,,,,,,,tanh,"(50, 50)",lbfgs
07c799b0-3b19-4a11-9435-a2bf0fb321fa,MLP,500,0.003162277660168382,,1000.0,,,,,,,,,,relu,"(5,)",lbfgs
32a14dc0-d390-40bd-b003-9a02b9b054cf,MLP,500,0.003162277660168382,,1000.0,,,,,,,,,,relu,"(5, 5)",lbfgs
70d35213-0717-429f-9141-c1287ee4caca,MLP,500,0.003162277660168382,,1000.0,,,,,,,,,,relu,"(5, 10)",lbfgs
a466e55c-e081-4c12-be23-732a6157d4bf,MLP,500,0.003162277660168382,,1000.0,,,,,,,,,,relu,"(25,)",lbfgs
d7132d06-ff90-4dbd-b011-10f649b66de1,MLP,500,0.003162277660168382,,1000.0,,,,,,,,,,relu,"(25, 25)",lbfgs
cf0e0336-afd3-45e0-9d67-d53c68ed6dea,MLP,500,0.003162277660168382,,1000.0,,,,,,,,,,relu,"(25, 50)",lbfgs
515a35a7-9f02-4ca3-b855-adc3f8bb00e7,MLP,500,0.003162277660168382,,1000.0,,,,,,,,,,relu,"(50,)",lbfgs
3a7f39b7-d28d-4844-bc76-b224aba4c89c,MLP,500,0.003162277660168382,,1000.0,,,,,,,,,,relu,"(50, 25)",lbfgs
7da57ba1-54ad-416e-a093-120a4edcc872,MLP,500,0.003162277660168382,,1000.0,,,,,,,,,,relu,"(50, 50)",lbfgs
26183a4f-bafa-4dee-953a-3b837993d818,MLP,500,0.3162277660168378,,1000.0,,,,,,,,,,identity,"(5,)",lbfgs
d4af60eb-548c-43a1-8b7f-293ea1bf205c,MLP,500,0.3162277660168378,,1000.0,,,,,,,,,,identity,"(5, 5)",lbfgs
889902db-1d4e-4e92-982d-2614df282db8,MLP,500,0.3162277660168378,,1000.0,,,,,,,,,,identity,"(5, 10)",lbfgs
4088134c-4142-4277-8dff-d81619030d2c,MLP,500,0.3162277660168378,,1000.0,,,,,,,,,,identity,"(25,)",lbfgs
3d5e96fa-44e8-47af-aca5-ba66c7f428ff,MLP,500,0.3162277660168378,,1000.0,,,,,,,,,,identity,"(25, 25)",lbfgs
d852a5d5-6e0c-4ff8-bb33-2cde26a6c7d7,MLP,500,0.3162277660168378,,1000.0,,,,,,,,,,identity,"(25, 50)",lbfgs
cebc27a0-8c6e-49f4-9704-6c3d08e39309,MLP,500,0.3162277660168378,,1000.0,,,,,,,,,,identity,"(50,)",lbfgs
a1093e9a-9a54-4b77-bc12-46b707b3f140,MLP,500,0.3162277660168378,,1000.0,,,,,,,,,,identity,"(50, 25)",lbfgs
054e9def-25c5-4a90-a9a3-ae0c51ba40d9,MLP,500,0.3162277660168378,,1000.0,,,,,,,,,,identity,"(50, 50)",lbfgs
b0298df9-ccf8-4918-abe3-a6e9daa47d34,MLP,500,0.3162277660168378,,1000.0,,,,,,,,,,logistic,"(5,)",lbfgs
a19e4b8d-38c6-4311-bac1-302d0a134dbc,MLP,500,0.3162277660168378,,1000.0,,,,,,,,,,logistic,"(5, 5)",lbfgs
6fe97870-9281-4f3f-bede-1ff6cd508f9a,MLP,500,0.3162277660168378,,1000.0,,,,,,,,,,logistic,"(5, 10)",lbfgs
8bfef34f-d1f1-4b6a-b493-6d650a47612d,MLP,500,0.3162277660168378,,1000.0,,,,,,,,,,logistic,"(25,)",lbfgs
85aff93d-98d0-4d75-955e-80cb8e62e18f,MLP,500,0.3162277660168378,,1000.0,,,,,,,,,,logistic,"(25, 25)",lbfgs
3cc8beee-3381-4098-a6a3-a55ff0adced8,MLP,500,0.3162277660168378,,1000.0,,,,,,,,,,logistic,"(25, 50)",lbfgs
d43ae224-2715-4d7c-9e61-79bd1123d75b,MLP,500,0.3162277660168378,,1000.0,,,,,,,,,,logistic,"(50,)",lbfgs
090838fc-b02d-492e-a2e4-54d063a73bf3,MLP,500,0.3162277660168378,,1000.0,,,,,,,,,,logistic,"(50, 25)",lbfgs
b6bad377-1a3a-44c8-b199-6979c941d849,MLP,500,0.3162277660168378,,1000.0,,,,,,,,,,logistic,"(50, 50)",lbfgs
fec7002e-e911-4856-810d-4d7e17d273fb,MLP,500,0.3162277660168378,,1000.0,,,,,,,,,,tanh,"(5,)",lbfgs
88b73a04-8b21-4f5d-b509-85cc8d9cc965,MLP,500,0.3162277660168378,,1000.0,,,,,,,,,,tanh,"(5, 5)",lbfgs
3640a29e-232e-48ca-888f-7bcfda06e8ee,MLP,500,0.3162277660168378,,1000.0,,,,,,,,,,tanh,"(5, 10)",lbfgs
ca731468-0722-4fc2-824b-ffffefe17763,MLP,500,0.3162277660168378,,1000.0,,,,,,,,,,tanh,"(25,)",lbfgs
29c2daca-0183-4429-a937-5abe52ff680e,MLP,500,0.3162277660168378,,1000.0,,,,,,,,,,tanh,"(25, 25)",lbfgs
815423a5-1ae3-4cf6-8985-2d34b7f0c237,MLP,500,0.3162277660168378,,1000.0,,,,,,,,,,tanh,"(25, 50)",lbfgs
a16d762e-081f-43a6-999d-9442edfa2f5d,MLP,500,0.3162277660168378,,1000.0,,,,,,,,,,tanh,"(50,)",lbfgs
670552df-713e-4bad-be21-e528bce2590c,MLP,500,0.3162277660168378,,1000.0,,,,,,,,,,tanh,"(50, 25)",lbfgs
b033f8b9-42d6-4dfc-b1db-7f506a9ac154,MLP,500,0.3162277660168378,,1000.0,,,,,,,,,,tanh,"(50, 50)",lbfgs
790c0421-8e8b-4795-a52e-6285fe433e50,MLP,500,0.3162277660168378,,1000.0,,,,,,,,,,relu,"(5,)",lbfgs
b2a801c6-23fc-49fe-b2f5-c3e7a0c2a53e,MLP,500,0.3162277660168378,,1000.0,,,,,,,,,,relu,"(5, 5)",lbfgs
28d28a76-d6e4-4c76-87a5-d4f4511b1c60,MLP,500,0.3162277660168378,,1000.0,,,,,,,,,,relu,"(5, 10)",lbfgs
14b59416-20be-4509-b4b6-74b089a061fb,MLP,500,0.3162277660168378,,1000.0,,,,,,,,,,relu,"(25,)",lbfgs
e5f34e40-05f2-4670-a21e-b698f2182257,MLP,500,0.3162277660168378,,1000.0,,,,,,,,,,relu,"(25, 25)",lbfgs
37fe99ab-d0bd-4ad2-90c0-3712bfaf4b65,MLP,500,0.3162277660168378,,1000.0,,,,,,,,,,relu,"(25, 50)",lbfgs
f3c9aa44-0e5c-498d-b393-dc3a4223a044,MLP,500,0.3162277660168378,,1000.0,,,,,,,,,,relu,"(50,)",lbfgs
9411a53f-7f2f-4fde-9c5e-edfdf00141fc,MLP,500,0.3162277660168378,,1000.0,,,,,,,,,,relu,"(50, 25)",lbfgs
9aed309b-a35c-4169-b4ec-37a90663361f,MLP,500,0.3162277660168378,,1000.0,,,,,,,,,,relu,"(50, 50)",lbfgs
42753aa0-6951-4a07-bbd0-5f9d47bd85aa,MLP,500,0.0316227766016838,,1000.0,,,,,,,,,,identity,"(5,)",lbfgs
8d2ee760-f95e-4927-9a87-45a382ba0396,MLP,500,0.0316227766016838,,1000.0,,,,,,,,,,identity,"(5, 5)",lbfgs
d7dfe3f3-cb08-4ff0-900d-f426d0fe4f26,MLP,500,0.0316227766016838,,1000.0,,,,,,,,,,identity,"(5, 10)",lbfgs
c17f05f3-c21b-42d9-8d32-d62f23a9b763,MLP,500,0.0316227766016838,,1000.0,,,,,,,,,,identity,"(25,)",lbfgs
26e48f16-6dc4-4600-9bf9-a9b59544d709,MLP,500,0.0316227766016838,,1000.0,,,,,,,,,,identity,"(25, 25)",lbfgs
53771dda-7d43-4bda-bd02-3dfdf13712f1,MLP,500,0.0316227766016838,,1000.0,,,,,,,,,,identity,"(25, 50)",lbfgs
68482fa5-5969-47d5-a7dc-2daaf304521a,MLP,500,0.0316227766016838,,1000.0,,,,,,,,,,identity,"(50,)",lbfgs
b63babf6-8121-431b-8c9c-0303483ed5a0,MLP,500,0.0316227766016838,,1000.0,,,,,,,,,,identity,"(50, 25)",lbfgs
57aa05ae-d536-4694-ae0c-8fe7b4a5fda3,MLP,500,0.0316227766016838,,1000.0,,,,,,,,,,identity,"(50, 50)",lbfgs
f4f83a6e-8281-4df8-b8b0-de0727cce050,MLP,500,0.0316227766016838,,1000.0,,,,,,,,,,logistic,"(5,)",lbfgs
2882a2a4-0b51-446d-8522-d4952a5df882,MLP,500,0.0316227766016838,,1000.0,,,,,,,,,,logistic,"(5, 5)",lbfgs
10f3282d-19b2-4746-8891-ab71d0eadda3,MLP,500,0.0316227766016838,,1000.0,,,,,,,,,,logistic,"(5, 10)",lbfgs
07d06924-bbd3-43c8-997f-7f679c560a33,MLP,500,0.0316227766016838,,1000.0,,,,,,,,,,logistic,"(25,)",lbfgs
ba6a4498-2e9d-48b0-8c1c-5d91929d17c3,MLP,500,0.0316227766016838,,1000.0,,,,,,,,,,logistic,"(25, 25)",lbfgs
b8d0285e-0168-4ac9-9c7c-08e6142cc0ac,MLP,500,0.0316227766016838,,1000.0,,,,,,,,,,logistic,"(25, 50)",lbfgs
dad4d716-658f-4d70-a549-bf781b867c70,MLP,500,0.0316227766016838,,1000.0,,,,,,,,,,logistic,"(50,)",lbfgs
9170a207-d98a-4294-bc29-39be68c08101,MLP,500,0.0316227766016838,,1000.0,,,,,,,,,,logistic,"(50, 25)",lbfgs
cb3ca154-bab8-4dab-bfd7-8ead3fb54fd3,MLP,500,0.0316227766016838,,1000.0,,,,,,,,,,logistic,"(50, 50)",lbfgs
14c8a5da-4447-4f4a-8916-724d743de43c,MLP,500,0.0316227766016838,,1000.0,,,,,,,,,,tanh,"(5,)",lbfgs
c86fe463-b828-4deb-a8e0-dd8944e3e220,MLP,500,0.0316227766016838,,1000.0,,,,,,,,,,tanh,"(5, 5)",lbfgs
358f624d-c6f4-497d-9a3e-15a4c43a151a,MLP,500,0.0316227766016838,,1000.0,,,,,,,,,,tanh,"(5, 10)",lbfgs
a914fef9-20b9-4c3c-978c-ed79b1a4f1cb,MLP,500,0.0316227766016838,,1000.0,,,,,,,,,,tanh,"(25,)",lbfgs
c437154d-1738-4bde-aaa5-169226f45e2b,MLP,500,0.0316227766016838,,1000.0,,,,,,,,,,tanh,"(25, 25)",lbfgs
825119bd-dae7-4a50-b712-b7f5a8ff8a9b,MLP,500,0.0316227766016838,,1000.0,,,,,,,,,,tanh,"(25, 50)",lbfgs
c38378da-f703-421d-a1ef-d9ca30e00ac7,MLP,500,0.0316227766016838,,1000.0,,,,,,,,,,tanh,"(50,)",lbfgs
388a00db-aec1-40ba-bda5-4090e91c526d,MLP,500,0.0316227766016838,,1000.0,,,,,,,,,,tanh,"(50, 25)",lbfgs
2d4cd61b-20f7-42a4-99d5-2b1a098eb795,MLP,500,0.0316227766016838,,1000.0,,,,,,,,,,tanh,"(50, 50)",lbfgs
0aefe73e-5b69-40b6-b917-093f349256ee,MLP,500,0.0316227766016838,,1000.0,,,,,,,,,,relu,"(5,)",lbfgs
1ee4968a-292b-42ad-9cfb-60abd40b9dbd,MLP,500,0.0316227766016838,,1000.0,,,,,,,,,,relu,"(5, 5)",lbfgs
7f48a5cc-adc1-48e2-9e63-8ce5932496ae,MLP,500,0.0316227766016838,,1000.0,,,,,,,,,,relu,"(5, 10)",lbfgs
3c3c6bfe-318d-40e1-84d6-8f407e8f7b34,MLP,500,0.0316227766016838,,1000.0,,,,,,,,,,relu,"(25,)",lbfgs
ce501258-b120-4bc8-a5d0-2723e24017d5,MLP,500,0.0316227766016838,,1000.0,,,,,,,,,,relu,"(25, 25)",lbfgs
ca597dda-166b-4408-b5b6-fce488ab257b,MLP,500,0.0316227766016838,,1000.0,,,,,,,,,,relu,"(25, 50)",lbfgs
9f6758de-9764-487c-bd9e-2f4b109e6529,MLP,500,0.0316227766016838,,1000.0,,,,,,,,,,relu,"(50,)",lbfgs
38bb3663-2494-4881-87fe-54ccf6b122bd,MLP,500,0.0316227766016838,,1000.0,,,,,,,,,,relu,"(50, 25)",lbfgs
03fcf22c-7c88-4450-a5c8-130587cfa01b,MLP,500,0.0316227766016838,,1000.0,,,,,,,,,,relu,"(50, 50)",lbfgs
215af4f0-e3bb-4675-931d-8ef5368ec353,MLP,500,0.0003162277660168384,,1000.0,,,,,,,,,,identity,"(5,)",lbfgs
7f30da37-7f99-4cb4-9ccc-e96d3594b6ee,MLP,500,0.0003162277660168384,,1000.0,,,,,,,,,,identity,"(5, 5)",lbfgs
e18309b4-18dd-46ec-bc2d-e4214412ea21,MLP,500,0.0003162277660168384,,1000.0,,,,,,,,,,identity,"(5, 10)",lbfgs
114505ad-f8fb-4c05-a221-135bf50bbf85,MLP,500,0.0003162277660168384,,1000.0,,,,,,,,,,identity,"(25,)",lbfgs
df03eeac-31ac-4e10-8fa8-443da5ca8151,MLP,500,0.0003162277660168384,,1000.0,,,,,,,,,,identity,"(25, 25)",lbfgs
79dcbf40-4b87-4914-8d45-57738b1738b0,MLP,500,0.0003162277660168384,,1000.0,,,,,,,,,,identity,"(25, 50)",lbfgs
5c0c7abb-484d-40ee-8651-08562fee329b,MLP,500,0.0003162277660168384,,1000.0,,,,,,,,,,identity,"(50,)",lbfgs
6351a7ee-6a70-45fa-aeb1-b6d38034dc08,MLP,500,0.0003162277660168384,,1000.0,,,,,,,,,,identity,"(50, 25)",lbfgs
a20461b7-cde4-4b78-a647-faca716d2c46,MLP,500,0.0003162277660168384,,1000.0,,,,,,,,,,identity,"(50, 50)",lbfgs
5821a5bb-d9ce-46b4-99e8-d5ad1db23131,MLP,500,0.0003162277660168384,,1000.0,,,,,,,,,,logistic,"(5,)",lbfgs
24d09e49-0bfd-4073-8437-7fe869f3419a,MLP,500,0.0003162277660168384,,1000.0,,,,,,,,,,logistic,"(5, 5)",lbfgs
3045d5a1-4080-400b-a6df-f115ad2e4a47,MLP,500,0.0003162277660168384,,1000.0,,,,,,,,,,logistic,"(5, 10)",lbfgs
64bd6354-7a72-4861-90f7-0d1709b45640,MLP,500,0.0003162277660168384,,1000.0,,,,,,,,,,logistic,"(25,)",lbfgs
c608d412-4142-4815-80da-8d4926939524,MLP,500,0.0003162277660168384,,1000.0,,,,,,,,,,logistic,"(25, 25)",lbfgs
62005673-07b0-4bbb-83a4-d12a348e8ab5,MLP,500,0.0003162277660168384,,1000.0,,,,,,,,,,logistic,"(25, 50)",lbfgs
947277e4-0ea2-4441-85a5-b85ec4a348ac,MLP,500,0.0003162277660168384,,1000.0,,,,,,,,,,logistic,"(50,)",lbfgs
856416c8-e1a4-4b78-9580-4ae691745408,MLP,500,0.0003162277660168384,,1000.0,,,,,,,,,,logistic,"(50, 25)",lbfgs
078da138-cf61-4003-b1cd-553d89773302,MLP,500,0.0003162277660168384,,1000.0,,,,,,,,,,logistic,"(50, 50)",lbfgs
7a2bb6a3-2add-4275-8ec7-c55acf3766c3,MLP,500,0.0003162277660168384,,1000.0,,,,,,,,,,tanh,"(5,)",lbfgs
a75bd4a0-ade2-4777-b6d9-1e915f176589,MLP,500,0.0003162277660168384,,1000.0,,,,,,,,,,tanh,"(5, 5)",lbfgs
682fade2-a0b8-413a-8c12-060cc3289e0a,MLP,500,0.0003162277660168384,,1000.0,,,,,,,,,,tanh,"(5, 10)",lbfgs
452dc71b-e93f-4538-93fd-561f3fbce3a5,MLP,500,0.0003162277660168384,,1000.0,,,,,,,,,,tanh,"(25,)",lbfgs
d475a526-f6a5-43af-a469-f59708cfc70a,MLP,500,0.0003162277660168384,,1000.0,,,,,,,,,,tanh,"(25, 25)",lbfgs
c7a51722-3f91-48f4-8106-1efa591b3b0b,MLP,500,0.0003162277660168384,,1000.0,,,,,,,,,,tanh,"(25, 50)",lbfgs
4d7745c0-a1ca-4096-9fa4-523f6586ec27,MLP,500,0.0003162277660168384,,1000.0,,,,,,,,,,tanh,"(50,)",lbfgs
4949a101-d34a-4bd3-b4e5-11b34aaec9c1,MLP,500,0.0003162277660168384,,1000.0,,,,,,,,,,tanh,"(50, 25)",lbfgs
4ac4c9c4-9211-48c2-8e7a-59d0f8dfdd1f,MLP,500,0.0003162277660168384,,1000.0,,,,,,,,,,tanh,"(50, 50)",lbfgs
5f47bb3b-d038-4061-a982-e9a4bf61cc0d,MLP,500,0.0003162277660168384,,1000.0,,,,,,,,,,relu,"(5,)",lbfgs
a0243779-464e-480f-9379-bd15c43aadca,MLP,500,0.0003162277660168384,,1000.0,,,,,,,,,,relu,"(5, 5)",lbfgs
aec0026f-8f12-450a-a385-6ef94fdf35c2,MLP,500,0.0003162277660168384,,1000.0,,,,,,,,,,relu,"(5, 10)",lbfgs
b477e2b7-0af8-496a-94f5-56d89838c019,MLP,500,0.0003162277660168384,,1000.0,,,,,,,,,,relu,"(25,)",lbfgs
961cdbb9-3939-4f4d-a9d0-29a70dc4d47e,MLP,500,0.0003162277660168384,,1000.0,,,,,,,,,,relu,"(25, 25)",lbfgs
d364ea91-8084-447e-a27a-36700539d1e1,MLP,500,0.0003162277660168384,,1000.0,,,,,,,,,,relu,"(25, 50)",lbfgs
a96adb95-6d84-42ea-8c88-f594f89e0728,MLP,500,0.0003162277660168384,,1000.0,,,,,,,,,,relu,"(50,)",lbfgs
5224d9b3-86a1-4234-8905-1fae6e704ddf,MLP,500,0.0003162277660168384,,1000.0,,,,,,,,,,relu,"(50, 25)",lbfgs
02aba3e6-bbf1-42b7-8a67-523d9337f1e3,MLP,500,0.0003162277660168384,,1000.0,,,,,,,,,,relu,"(50, 50)",lbfgs
1ac5cd41-1c98-4089-8e33-cc5d7cd937fc,MLP,500,0.0005623413251903495,,1000.0,,,,,,,,,,identity,"(5,)",lbfgs
bf3dca2c-756c-4ad5-966c-e5a7a416bd34,MLP,500,0.0005623413251903495,,1000.0,,,,,,,,,,identity,"(5, 5)",lbfgs
e49a1630-7832-4778-8bca-036b9bc3834a,MLP,500,0.0005623413251903495,,1000.0,,,,,,,,,,identity,"(5, 10)",lbfgs
802900e9-be5a-4d57-8e56-cd0eb28413ae,MLP,500,0.0005623413251903495,,1000.0,,,,,,,,,,identity,"(25,)",lbfgs
0ce869f7-98b8-46f2-b060-0219ec4bb11d,MLP,500,0.0005623413251903495,,1000.0,,,,,,,,,,identity,"(25, 25)",lbfgs
185a5887-4c9e-4be8-8aae-d9a42b0b7fa2,MLP,500,0.0005623413251903495,,1000.0,,,,,,,,,,identity,"(25, 50)",lbfgs
327ff6ef-d4c2-48fd-a337-1f9e706e6916,MLP,500,0.0005623413251903495,,1000.0,,,,,,,,,,identity,"(50,)",lbfgs
0d05a92b-c8cf-4144-9bf2-65ace2336863,MLP,500,0.0005623413251903495,,1000.0,,,,,,,,,,identity,"(50, 25)",lbfgs
86537686-862e-4731-a654-29f8ecc36235,MLP,500,0.0005623413251903495,,1000.0,,,,,,,,,,identity,"(50, 50)",lbfgs
74fd7f69-2a3d-4b64-b8ef-b98f63297c66,MLP,500,0.0005623413251903495,,1000.0,,,,,,,,,,logistic,"(5,)",lbfgs
85de489e-d363-40ac-919e-c2f58422c2bb,MLP,500,0.0005623413251903495,,1000.0,,,,,,,,,,logistic,"(5, 5)",lbfgs
729a82ae-01da-4afc-8e81-26ed2ae9f52b,MLP,500,0.0005623413251903495,,1000.0,,,,,,,,,,logistic,"(5, 10)",lbfgs
faeb908e-83d4-48db-902c-e810694fea40,MLP,500,0.0005623413251903495,,1000.0,,,,,,,,,,logistic,"(25,)",lbfgs
080f4522-02a1-421e-838d-89a98765eb51,MLP,500,0.0005623413251903495,,1000.0,,,,,,,,,,logistic,"(25, 25)",lbfgs
e0a55e37-dbc6-425f-b7f9-7c9af921a2e2,MLP,500,0.0005623413251903495,,1000.0,,,,,,,,,,logistic,"(25, 50)",lbfgs
4edb6da1-8046-49c0-99c3-aca1aea9a020,MLP,500,0.0005623413251903495,,1000.0,,,,,,,,,,logistic,"(50,)",lbfgs
11af3b47-6508-431e-b67c-f5d9d030fb94,MLP,500,0.0005623413251903495,,1000.0,,,,,,,,,,logistic,"(50, 25)",lbfgs
9f8c7f03-cc83-4875-92e3-e0afd597c6d1,MLP,500,0.0005623413251903495,,1000.0,,,,,,,,,,logistic,"(50, 50)",lbfgs
4debde2b-ab73-4172-ace4-b503ed4fa0cf,MLP,500,0.0005623413251903495,,1000.0,,,,,,,,,,tanh,"(5,)",lbfgs
25ce5881-4419-40e0-a56b-38ec4589f970,MLP,500,0.0005623413251903495,,1000.0,,,,,,,,,,tanh,"(5, 5)",lbfgs
9ff6a55f-f67d-45ff-87cb-6c98c37fc65a,MLP,500,0.0005623413251903495,,1000.0,,,,,,,,,,tanh,"(5, 10)",lbfgs
a2cc2c13-8ede-4cd3-a32b-85e926924463,MLP,500,0.0005623413251903495,,1000.0,,,,,,,,,,tanh,"(25,)",lbfgs
1bd7c734-ceee-450c-9519-39064ebc26aa,MLP,500,0.0005623413251903495,,1000.0,,,,,,,,,,tanh,"(25, 25)",lbfgs
29c63764-fe6d-460d-845d-c2b7c8931bbf,MLP,500,0.0005623413251903495,,1000.0,,,,,,,,,,tanh,"(25, 50)",lbfgs
ee2afb85-40c5-445d-b04a-d47554e28749,MLP,500,0.0005623413251903495,,1000.0,,,,,,,,,,tanh,"(50,)",lbfgs
3bdeabc5-2980-4bdc-95d9-2221234d3281,MLP,500,0.0005623413251903495,,1000.0,,,,,,,,,,tanh,"(50, 25)",lbfgs
8a837c68-17c7-4c63-93b1-789026d70eee,MLP,500,0.0005623413251903495,,1000.0,,,,,,,,,,tanh,"(50, 50)",lbfgs
d5510d21-686b-4310-a172-f6b5404a26d5,MLP,500,0.0005623413251903495,,1000.0,,,,,,,,,,relu,"(5,)",lbfgs
37c5764b-401d-4508-828b-ee63e0c11dcb,MLP,500,0.0005623413251903495,,1000.0,,,,,,,,,,relu,"(5, 5)",lbfgs
24c59c48-d48d-46c5-bfa0-3c220bfc3df7,MLP,500,0.0005623413251903495,,1000.0,,,,,,,,,,relu,"(5, 10)",lbfgs
99171b8e-03f2-43ec-a131-e64753752186,MLP,500,0.0005623413251903495,,1000.0,,,,,,,,,,relu,"(25,)",lbfgs
933fd998-81c5-4944-bb06-4a1bf0c0f5d7,MLP,500,0.0005623413251903495,,1000.0,,,,,,,,,,relu,"(25, 25)",lbfgs
5ff2c72a-034b-428a-aae8-0c970602f2f5,MLP,500,0.0005623413251903495,,1000.0,,,,,,,,,,relu,"(25, 50)",lbfgs
3322f9f6-fb38-42dd-8c61-1d1248a9c508,MLP,500,0.0005623413251903495,,1000.0,,,,,,,,,,relu,"(50,)",lbfgs
09f65649-976f-43b2-828f-370e0b20dd01,MLP,500,0.0005623413251903495,,1000.0,,,,,,,,,,relu,"(50, 25)",lbfgs
101da9a9-53a3-4ef2-936f-79b619ce42dc,MLP,500,0.0005623413251903495,,1000.0,,,,,,,,,,relu,"(50, 50)",lbfgs
f8bf2132-b809-486a-ae15-14d99bbab142,MLP,500,0.05623413251903493,,1000.0,,,,,,,,,,identity,"(5,)",lbfgs
f99c8c00-2bbe-4f72-b262-1bc2aca94f7f,MLP,500,0.05623413251903493,,1000.0,,,,,,,,,,identity,"(5, 5)",lbfgs
1f233c15-64be-49a6-bfbf-273864c21bd2,MLP,500,0.05623413251903493,,1000.0,,,,,,,,,,identity,"(5, 10)",lbfgs
04a691ce-ab73-4327-a4fc-d3a8e88c0994,MLP,500,0.05623413251903493,,1000.0,,,,,,,,,,identity,"(25,)",lbfgs
64ab2941-cd06-48cb-8b88-5865c6c67c23,MLP,500,0.05623413251903493,,1000.0,,,,,,,,,,identity,"(25, 25)",lbfgs
41144f32-5048-4186-8927-5935efb47364,MLP,500,0.05623413251903493,,1000.0,,,,,,,,,,identity,"(25, 50)",lbfgs
7fc4b4bf-ec9f-409d-883d-47e960e7c099,MLP,500,0.05623413251903493,,1000.0,,,,,,,,,,identity,"(50,)",lbfgs
fe36bbcc-5009-40f8-9b67-bd474158e87f,MLP,500,0.05623413251903493,,1000.0,,,,,,,,,,identity,"(50, 25)",lbfgs
209cc0ad-9ca3-4816-8dcb-5cb072d4da9f,MLP,500,0.05623413251903493,,1000.0,,,,,,,,,,identity,"(50, 50)",lbfgs
bffd4903-5e28-4efc-be99-5749acba9989,MLP,500,0.05623413251903493,,1000.0,,,,,,,,,,logistic,"(5,)",lbfgs
b03f7bbd-8c7b-4f5c-b623-d1eab2e80b33,MLP,500,0.05623413251903493,,1000.0,,,,,,,,,,logistic,"(5, 5)",lbfgs
e2fe45db-f7f4-4bf3-a701-b41481308515,MLP,500,0.05623413251903493,,1000.0,,,,,,,,,,logistic,"(5, 10)",lbfgs
ec2b5e82-0591-4fb9-a688-ca02ddb57f22,MLP,500,0.05623413251903493,,1000.0,,,,,,,,,,logistic,"(25,)",lbfgs
db147a3c-502c-4da7-a05f-cab90409c217,MLP,500,0.05623413251903493,,1000.0,,,,,,,,,,logistic,"(25, 25)",lbfgs
a7ad9cdf-cf32-4692-aadc-c511549ff8d4,MLP,500,0.05623413251903493,,1000.0,,,,,,,,,,logistic,"(25, 50)",lbfgs
7c4697a1-b7b4-4951-a775-d47cb450b00f,MLP,500,0.05623413251903493,,1000.0,,,,,,,,,,logistic,"(50,)",lbfgs
6e61a8a0-c9bc-41c5-acaf-6d6e2fdb1999,MLP,500,0.05623413251903493,,1000.0,,,,,,,,,,logistic,"(50, 25)",lbfgs
011594a0-ae58-4223-9f96-4969db2a5bb0,MLP,500,0.05623413251903493,,1000.0,,,,,,,,,,logistic,"(50, 50)",lbfgs
8c9bab9f-d595-44d2-a454-7005619d139c,MLP,500,0.05623413251903493,,1000.0,,,,,,,,,,tanh,"(5,)",lbfgs
fa95e82a-2bb5-4821-b68a-854ed2603981,MLP,500,0.05623413251903493,,1000.0,,,,,,,,,,tanh,"(5, 5)",lbfgs
3416dabd-fae4-4076-8dca-73159c963062,MLP,500,0.05623413251903493,,1000.0,,,,,,,,,,tanh,"(5, 10)",lbfgs
4e804706-de3a-4604-9cd1-01354e8f9d60,MLP,500,0.05623413251903493,,1000.0,,,,,,,,,,tanh,"(25,)",lbfgs
09863a59-7e94-4fc9-967a-19e22272861e,MLP,500,0.05623413251903493,,1000.0,,,,,,,,,,tanh,"(25, 25)",lbfgs
e28d8bc0-04bb-4de6-9702-a1f1020f2e27,MLP,500,0.05623413251903493,,1000.0,,,,,,,,,,tanh,"(25, 50)",lbfgs
4086657c-e8c3-40d2-8a91-2a596572e77d,MLP,500,0.05623413251903493,,1000.0,,,,,,,,,,tanh,"(50,)",lbfgs
b35d1703-95a9-4c6e-94c2-486541c64f66,MLP,500,0.05623413251903493,,1000.0,,,,,,,,,,tanh,"(50, 25)",lbfgs
f2dbbc7d-26e7-4d7d-ac35-0517a7d4616b,MLP,500,0.05623413251903493,,1000.0,,,,,,,,,,tanh,"(50, 50)",lbfgs
2e2580cd-607b-4dd4-a8ec-643ee60c6cf8,MLP,500,0.05623413251903493,,1000.0,,,,,,,,,,relu,"(5,)",lbfgs
ebb4546c-9859-4818-8e70-3d095219565c,MLP,500,0.05623413251903493,,1000.0,,,,,,,,,,relu,"(5, 5)",lbfgs
09f91138-8263-4401-9864-5feab66029d0,MLP,500,0.05623413251903493,,1000.0,,,,,,,,,,relu,"(5, 10)",lbfgs
bd162573-84ab-4242-afa5-90913ba64dbb,MLP,500,0.05623413251903493,,1000.0,,,,,,,,,,relu,"(25,)",lbfgs
0e2b8f18-de53-4ce1-be5c-886e82b5b31a,MLP,500,0.05623413251903493,,1000.0,,,,,,,,,,relu,"(25, 25)",lbfgs
6ff10868-4814-4472-8f46-ca106412e979,MLP,500,0.05623413251903493,,1000.0,,,,,,,,,,relu,"(25, 50)",lbfgs
926838dc-9b99-4f69-91c2-430315375627,MLP,500,0.05623413251903493,,1000.0,,,,,,,,,,relu,"(50,)",lbfgs
18ded36b-a600-4a7e-840c-8cf0bd67b866,MLP,500,0.05623413251903493,,1000.0,,,,,,,,,,relu,"(50, 25)",lbfgs
e2cd782a-cc29-4179-b402-961e56cfacc2,MLP,500,0.05623413251903493,,1000.0,,,,,,,,,,relu,"(50, 50)",lbfgs
8d491f6a-51ef-4f2d-a5c2-cd14a528399e,MLP,500,0.5623413251903494,,1000.0,,,,,,,,,,identity,"(5,)",lbfgs
82c73baa-1413-4d9c-98ab-c98ee271aa8e,MLP,500,0.5623413251903494,,1000.0,,,,,,,,,,identity,"(5, 5)",lbfgs
d91239dd-48f0-4e67-8ce8-05b8dc6caf44,MLP,500,0.5623413251903494,,1000.0,,,,,,,,,,identity,"(5, 10)",lbfgs
811bd2a5-ddf4-4b0f-98da-e1fd33659a48,MLP,500,0.5623413251903494,,1000.0,,,,,,,,,,identity,"(25,)",lbfgs
6773a478-9e7b-4f0f-b888-1870a1bcca0c,MLP,500,0.5623413251903494,,1000.0,,,,,,,,,,identity,"(25, 25)",lbfgs
c2aa84d7-c048-480d-adac-9abeb73c7b92,MLP,500,0.5623413251903494,,1000.0,,,,,,,,,,identity,"(25, 50)",lbfgs
4e2c3040-ec9d-4521-a494-47c92e37a181,MLP,500,0.5623413251903494,,1000.0,,,,,,,,,,identity,"(50,)",lbfgs
8c581239-ff28-46a9-a662-51a132eade37,MLP,500,0.5623413251903494,,1000.0,,,,,,,,,,identity,"(50, 25)",lbfgs
bb4f48e4-0cc6-4d44-bed9-ff3958938572,MLP,500,0.5623413251903494,,1000.0,,,,,,,,,,identity,"(50, 50)",lbfgs
620e6bc2-4ccc-453a-b766-e2354f759d89,MLP,500,0.5623413251903494,,1000.0,,,,,,,,,,logistic,"(5,)",lbfgs
aa097265-1fac-495e-a542-1bb5156a698a,MLP,500,0.5623413251903494,,1000.0,,,,,,,,,,logistic,"(5, 5)",lbfgs
76affcea-60c9-4837-9f2d-22e678543a79,MLP,500,0.5623413251903494,,1000.0,,,,,,,,,,logistic,"(5, 10)",lbfgs
1f9fab72-1408-4340-becd-dc8493c118c0,MLP,500,0.5623413251903494,,1000.0,,,,,,,,,,logistic,"(25,)",lbfgs
d0329841-b34f-44a2-abd3-5cf712b13508,MLP,500,0.5623413251903494,,1000.0,,,,,,,,,,logistic,"(25, 25)",lbfgs
1680fa80-d979-41a7-bb6c-48a855a88e81,MLP,500,0.5623413251903494,,1000.0,,,,,,,,,,logistic,"(25, 50)",lbfgs
5f5a6f37-c5f0-4b39-95f8-fa2413b3347c,MLP,500,0.5623413251903494,,1000.0,,,,,,,,,,logistic,"(50,)",lbfgs
4a706a93-586a-47ee-94de-15d0776baf3a,MLP,500,0.5623413251903494,,1000.0,,,,,,,,,,logistic,"(50, 25)",lbfgs
c1c6ecad-7dd8-4d57-8278-622ec21987b3,MLP,500,0.5623413251903494,,1000.0,,,,,,,,,,logistic,"(50, 50)",lbfgs
b5a76882-8f64-463b-a2cc-0de23c89b0f4,MLP,500,0.5623413251903494,,1000.0,,,,,,,,,,tanh,"(5,)",lbfgs
0e6fda60-489f-42dd-a011-bedd7e6126d5,MLP,500,0.5623413251903494,,1000.0,,,,,,,,,,tanh,"(5, 5)",lbfgs
cf0c7008-2c64-4fc9-9d74-40ca618d8ae7,MLP,500,0.5623413251903494,,1000.0,,,,,,,,,,tanh,"(5, 10)",lbfgs
7c6815f3-be62-4bce-9612-a407aa9165d4,MLP,500,0.5623413251903494,,1000.0,,,,,,,,,,tanh,"(25,)",lbfgs
ed8acc8f-72f8-4034-99bd-a4421c91e487,MLP,500,0.5623413251903494,,1000.0,,,,,,,,,,tanh,"(25, 25)",lbfgs
11bd3b12-339d-483c-89d9-fecfd2020ab8,MLP,500,0.5623413251903494,,1000.0,,,,,,,,,,tanh,"(25, 50)",lbfgs
8a92a5cb-dc5e-4a7a-8f35-4df667b42eee,MLP,500,0.5623413251903494,,1000.0,,,,,,,,,,tanh,"(50,)",lbfgs
ea739273-292a-4fa1-9e73-1711b2de318e,MLP,500,0.5623413251903494,,1000.0,,,,,,,,,,tanh,"(50, 25)",lbfgs
7cbd7e83-7ffb-46a3-8101-2c56a2e6df2e,MLP,500,0.5623413251903494,,1000.0,,,,,,,,,,tanh,"(50, 50)",lbfgs
5d416d49-5ecc-498b-909a-62b8892c6192,MLP,500,0.5623413251903494,,1000.0,,,,,,,,,,relu,"(5,)",lbfgs
d7299b04-b0ef-453f-9874-0de874d57492,MLP,500,0.5623413251903494,,1000.0,,,,,,,,,,relu,"(5, 5)",lbfgs
5f9d17a1-c1ac-473b-80f9-add9aa3f611a,MLP,500,0.5623413251903494,,1000.0,,,,,,,,,,relu,"(5, 10)",lbfgs
d1602c18-c9ca-4bea-b139-05666127daaf,MLP,500,0.5623413251903494,,1000.0,,,,,,,,,,relu,"(25,)",lbfgs
6186d4c7-bb61-49d8-91e4-9ff0470c3e91,MLP,500,0.5623413251903494,,1000.0,,,,,,,,,,relu,"(25, 25)",lbfgs
dd43cc18-7a9c-4f4a-98f5-565a73b9f029,MLP,500,0.5623413251903494,,1000.0,,,,,,,,,,relu,"(25, 50)",lbfgs
a4d6f27e-7673-49dc-8c61-20d4e378c825,MLP,500,0.5623413251903494,,1000.0,,,,,,,,,,relu,"(50,)",lbfgs
76709f91-c592-4dae-8ad8-6058f9a0f822,MLP,500,0.5623413251903494,,1000.0,,,,,,,,,,relu,"(50, 25)",lbfgs
500d2aff-e11c-406f-a87a-55a0b2018e09,MLP,500,0.5623413251903494,,1000.0,,,,,,,,,,relu,"(50, 50)",lbfgs
7cb9b40a-40ee-4ccd-afd4-06d3d2e609fc,MLP,500,0.005623413251903493,,1000.0,,,,,,,,,,identity,"(5,)",lbfgs
1232e75f-6573-433e-b2ea-092f04db3913,MLP,500,0.005623413251903493,,1000.0,,,,,,,,,,identity,"(5, 5)",lbfgs
992d23d5-523e-4a3d-9934-332e19dd0f59,MLP,500,0.005623413251903493,,1000.0,,,,,,,,,,identity,"(5, 10)",lbfgs
9961617d-fcac-4485-b186-0698ba76e1ce,MLP,500,0.005623413251903493,,1000.0,,,,,,,,,,identity,"(25,)",lbfgs
7ffeff0e-1348-493b-8c89-834a2b04192d,MLP,500,0.005623413251903493,,1000.0,,,,,,,,,,identity,"(25, 25)",lbfgs
94beb1db-6661-424b-a6b5-7bd9a238a450,MLP,500,0.005623413251903493,,1000.0,,,,,,,,,,identity,"(25, 50)",lbfgs
a9e057d1-5e60-47a5-b431-f22edf07019c,MLP,500,0.005623413251903493,,1000.0,,,,,,,,,,identity,"(50,)",lbfgs
a59e8027-c246-4e48-b08c-12f4a69cd907,MLP,500,0.005623413251903493,,1000.0,,,,,,,,,,identity,"(50, 25)",lbfgs
a52d2afa-d1a6-489e-a22f-0448b757d027,MLP,500,0.005623413251903493,,1000.0,,,,,,,,,,identity,"(50, 50)",lbfgs
6297d0f0-9180-43eb-9501-7c8922266eed,MLP,500,0.005623413251903493,,1000.0,,,,,,,,,,logistic,"(5,)",lbfgs
8344bc54-69d0-43df-9172-75acea2375d0,MLP,500,0.005623413251903493,,1000.0,,,,,,,,,,logistic,"(5, 5)",lbfgs
88ccb0e8-0db8-4268-baac-c547cdfc215d,MLP,500,0.005623413251903493,,1000.0,,,,,,,,,,logistic,"(5, 10)",lbfgs
b3dff003-068a-4157-b708-f3df1f0be3c9,MLP,500,0.005623413251903493,,1000.0,,,,,,,,,,logistic,"(25,)",lbfgs
c64fdddb-5104-49c1-b093-52c210b47984,MLP,500,0.005623413251903493,,1000.0,,,,,,,,,,logistic,"(25, 25)",lbfgs
5d94b366-3bf6-460b-8909-1ef77d0ee2ee,MLP,500,0.005623413251903493,,1000.0,,,,,,,,,,logistic,"(25, 50)",lbfgs
684c085b-4e2e-4591-b552-724ebfdc49ea,MLP,500,0.005623413251903493,,1000.0,,,,,,,,,,logistic,"(50,)",lbfgs
cc983dd7-2da7-4b21-a2ee-d83d0322d5ad,MLP,500,0.005623413251903493,,1000.0,,,,,,,,,,logistic,"(50, 25)",lbfgs
1c49e031-e5ed-410b-a1ce-8e8de311315b,MLP,500,0.005623413251903493,,1000.0,,,,,,,,,,logistic,"(50, 50)",lbfgs
6924396e-2504-446d-a05d-7b5afd5a51f2,MLP,500,0.005623413251903493,,1000.0,,,,,,,,,,tanh,"(5,)",lbfgs
6af92c71-8447-46e5-9275-d8abe9fc69d9,MLP,500,0.005623413251903493,,1000.0,,,,,,,,,,tanh,"(5, 5)",lbfgs
ce914c39-bbf8-40b3-ac18-2a6fadef1512,MLP,500,0.005623413251903493,,1000.0,,,,,,,,,,tanh,"(5, 10)",lbfgs
2299ab88-9bd9-490c-b268-61c8d207afd4,MLP,500,0.005623413251903493,,1000.0,,,,,,,,,,tanh,"(25,)",lbfgs
9ec12494-dee1-4980-b0a6-cecdf1cb8126,MLP,500,0.005623413251903493,,1000.0,,,,,,,,,,tanh,"(25, 25)",lbfgs
db57abfb-0b2e-4ca9-b9ed-071c331d033e,MLP,500,0.005623413251903493,,1000.0,,,,,,,,,,tanh,"(25, 50)",lbfgs
6e850f01-6431-4ce0-9a80-dc7e1d5c7d09,MLP,500,0.005623413251903493,,1000.0,,,,,,,,,,tanh,"(50,)",lbfgs
ed819c46-cd3d-4581-acfd-c852c554741c,MLP,500,0.005623413251903493,,1000.0,,,,,,,,,,tanh,"(50, 25)",lbfgs
74928d79-6ee9-4acb-9efd-1cb3c1472bca,MLP,500,0.005623413251903493,,1000.0,,,,,,,,,,tanh,"(50, 50)",lbfgs
4b141d9e-5c76-453c-bc05-a4b1e2b5c351,MLP,500,0.005623413251903493,,1000.0,,,,,,,,,,relu,"(5,)",lbfgs
6c6a209e-126c-4e13-98a7-6ef74ef42631,MLP,500,0.005623413251903493,,1000.0,,,,,,,,,,relu,"(5, 5)",lbfgs
173b6d43-e7b4-4bd9-881b-82f3ffbf2c73,MLP,500,0.005623413251903493,,1000.0,,,,,,,,,,relu,"(5, 10)",lbfgs
c6d531f7-4708-4252-a9ea-8e741bf7a67e,MLP,500,0.005623413251903493,,1000.0,,,,,,,,,,relu,"(25,)",lbfgs
5d882c12-04d7-40e9-9f1d-bce705793307,MLP,500,0.005623413251903493,,1000.0,,,,,,,,,,relu,"(25, 25)",lbfgs
3dacf1b4-43ce-4dd2-a44c-0f5677dc3387,MLP,500,0.005623413251903493,,1000.0,,,,,,,,,,relu,"(25, 50)",lbfgs
e33c6d8a-d7c8-4ac0-9039-67d9b6958e6e,MLP,500,0.005623413251903493,,1000.0,,,,,,,,,,relu,"(50,)",lbfgs
9e8abadc-8148-4fad-98cf-93f6d9ab2b93,MLP,500,0.005623413251903493,,1000.0,,,,,,,,,,relu,"(50, 25)",lbfgs
80b1f75d-825f-4a98-b01d-bf5a297b49e8,MLP,500,0.005623413251903493,,1000.0,,,,,,,,,,relu,"(50, 50)",lbfgs
bc0cd878-e131-4e44-934b-ab3bd681b488,MLP,500,0.0017782794100389236,,1000.0,,,,,,,,,,identity,"(5,)",lbfgs
9772fbe9-805d-4aa5-92ba-772046c14bb5,MLP,500,0.0017782794100389236,,1000.0,,,,,,,,,,identity,"(5, 5)",lbfgs
92025fc4-495c-4b4c-b2df-c48512e63338,MLP,500,0.0017782794100389236,,1000.0,,,,,,,,,,identity,"(5, 10)",lbfgs
ab134a68-215e-423c-8f2d-488eee9efdab,MLP,500,0.0017782794100389236,,1000.0,,,,,,,,,,identity,"(25,)",lbfgs
f5482a93-4f71-4e2e-ad25-272b92ffd3a0,MLP,500,0.0017782794100389236,,1000.0,,,,,,,,,,identity,"(25, 25)",lbfgs
ac4c7cab-bfeb-46ef-9d3d-2f6c8d2b2136,MLP,500,0.0017782794100389236,,1000.0,,,,,,,,,,identity,"(25, 50)",lbfgs
71588623-8f63-4f1b-bf33-8b427c4d46d7,MLP,500,0.0017782794100389236,,1000.0,,,,,,,,,,identity,"(50,)",lbfgs
914dc9a9-c428-40c3-9d08-6b8fdcf1f46f,MLP,500,0.0017782794100389236,,1000.0,,,,,,,,,,identity,"(50, 25)",lbfgs
f10f363b-bf3e-4581-ae81-ab54d22bf842,MLP,500,0.0017782794100389236,,1000.0,,,,,,,,,,identity,"(50, 50)",lbfgs
1fbb1894-0b3f-4188-9aac-7fcd29de8b17,MLP,500,0.0017782794100389236,,1000.0,,,,,,,,,,logistic,"(5,)",lbfgs
b7d53aec-8e79-4f2b-80d8-6b8537636925,MLP,500,0.0017782794100389236,,1000.0,,,,,,,,,,logistic,"(5, 5)",lbfgs
ac7c46c4-6498-4dfb-ac5f-a7755636c90a,MLP,500,0.0017782794100389236,,1000.0,,,,,,,,,,logistic,"(5, 10)",lbfgs
00a97bbd-b7d6-49a6-b820-8ebb16aa038a,MLP,500,0.0017782794100389236,,1000.0,,,,,,,,,,logistic,"(25,)",lbfgs
1bd52bc2-2605-407d-93a7-e0c1e8208743,MLP,500,0.0017782794100389236,,1000.0,,,,,,,,,,logistic,"(25, 25)",lbfgs
8b70d05a-0684-411e-8998-ddce8720ebaf,MLP,500,0.0017782794100389236,,1000.0,,,,,,,,,,logistic,"(25, 50)",lbfgs
4deab444-f57a-4555-bef0-658dee03d4a1,MLP,500,0.0017782794100389236,,1000.0,,,,,,,,,,logistic,"(50,)",lbfgs
859b27e6-99c2-4fc6-9983-e1610332237e,MLP,500,0.0017782794100389236,,1000.0,,,,,,,,,,logistic,"(50, 25)",lbfgs
3683ad63-3a4e-4e1f-b749-e7c97fc254a7,MLP,500,0.0017782794100389236,,1000.0,,,,,,,,,,logistic,"(50, 50)",lbfgs
00d5c43a-ee8d-49e5-843b-adea86fc6f71,MLP,500,0.0017782794100389236,,1000.0,,,,,,,,,,tanh,"(5,)",lbfgs
347405f9-bfb0-46cd-a3f7-0bc8e7fbf2bc,MLP,500,0.0017782794100389236,,1000.0,,,,,,,,,,tanh,"(5, 5)",lbfgs
03c7a1d1-2663-4454-b489-dba7eba163bd,MLP,500,0.0017782794100389236,,1000.0,,,,,,,,,,tanh,"(5, 10)",lbfgs
a4ee7aaf-6c3f-4a23-b843-2ceb79ff4701,MLP,500,0.0017782794100389236,,1000.0,,,,,,,,,,tanh,"(25,)",lbfgs
0a8584c1-5600-482c-8d22-11948df70cde,MLP,500,0.0017782794100389236,,1000.0,,,,,,,,,,tanh,"(25, 25)",lbfgs
28e57a25-f5d4-40a6-913b-4f5a26816179,MLP,500,0.0017782794100389236,,1000.0,,,,,,,,,,tanh,"(25, 50)",lbfgs
e4b82644-3556-4ec9-a4e9-7acbc2c1c56b,MLP,500,0.0017782794100389236,,1000.0,,,,,,,,,,tanh,"(50,)",lbfgs
e33d6297-c523-47d0-8f37-d475216e5baa,MLP,500,0.0017782794100389236,,1000.0,,,,,,,,,,tanh,"(50, 25)",lbfgs
c5e2507d-f44f-4a13-8166-eded69e3e64d,MLP,500,0.0017782794100389236,,1000.0,,,,,,,,,,tanh,"(50, 50)",lbfgs
21af6eef-dbcf-4462-af8e-b7fa83ca83ef,MLP,500,0.0017782794100389236,,1000.0,,,,,,,,,,relu,"(5,)",lbfgs
3e948dd8-7fd0-4dd0-8b3d-dfe420666086,MLP,500,0.0017782794100389236,,1000.0,,,,,,,,,,relu,"(5, 5)",lbfgs
8b46aa6f-9c07-41f7-8e7c-3b26933c9d03,MLP,500,0.0017782794100389236,,1000.0,,,,,,,,,,relu,"(5, 10)",lbfgs
f61f41da-3520-42c1-8d16-d92f70a7da3b,MLP,500,0.0017782794100389236,,1000.0,,,,,,,,,,relu,"(25,)",lbfgs
88f890bf-535b-400f-a74e-2d76a4f4a66f,MLP,500,0.0017782794100389236,,1000.0,,,,,,,,,,relu,"(25, 25)",lbfgs
53a24676-28a1-42a0-8650-c56a656eb792,MLP,500,0.0017782794100389236,,1000.0,,,,,,,,,,relu,"(25, 50)",lbfgs
45ed2450-4700-4da8-8748-e6cb564cd885,MLP,500,0.0017782794100389236,,1000.0,,,,,,,,,,relu,"(50,)",lbfgs
5b4b409e-d78c-46d3-8bff-8e171684645c,MLP,500,0.0017782794100389236,,1000.0,,,,,,,,,,relu,"(50, 25)",lbfgs
6d503e51-6cc7-4f71-9f8b-4f215b230590,MLP,500,0.0017782794100389236,,1000.0,,,,,,,,,,relu,"(50, 50)",lbfgs
8871f942-99dc-43a1-8cc5-4cc28acdda29,MLP,500,0.1778279410038923,,1000.0,,,,,,,,,,identity,"(5,)",lbfgs
549fc69b-c728-4a51-b310-62eaa07a701c,MLP,500,0.1778279410038923,,1000.0,,,,,,,,,,identity,"(5, 5)",lbfgs
80fd2e89-7b02-442a-9679-762dd17695f7,MLP,500,0.1778279410038923,,1000.0,,,,,,,,,,identity,"(5, 10)",lbfgs
4121bb18-2b57-4aa0-a3a8-8a743330e5c0,MLP,500,0.1778279410038923,,1000.0,,,,,,,,,,identity,"(25,)",lbfgs
ba1e19e4-4d23-4893-882e-dbb60b590bea,MLP,500,0.1778279410038923,,1000.0,,,,,,,,,,identity,"(25, 25)",lbfgs
abf1ec1e-6036-47c8-a755-974c999fe98c,MLP,500,0.1778279410038923,,1000.0,,,,,,,,,,identity,"(25, 50)",lbfgs
88ff4613-1189-49da-83e6-4d8b40f8c690,MLP,500,0.1778279410038923,,1000.0,,,,,,,,,,identity,"(50,)",lbfgs
34e3d510-8b8c-4b20-8394-4a6b5163746c,MLP,500,0.1778279410038923,,1000.0,,,,,,,,,,identity,"(50, 25)",lbfgs
c9e3d290-27e4-46d2-87ae-981a1f0a5591,MLP,500,0.1778279410038923,,1000.0,,,,,,,,,,identity,"(50, 50)",lbfgs
847c3e88-a0cc-4c9c-a874-8c1a66186a8d,MLP,500,0.1778279410038923,,1000.0,,,,,,,,,,logistic,"(5,)",lbfgs
dc68f18e-3fb8-4c46-8261-9eff89536627,MLP,500,0.1778279410038923,,1000.0,,,,,,,,,,logistic,"(5, 5)",lbfgs
2b89096f-c87b-44e5-a7a4-ba825e4bf200,MLP,500,0.1778279410038923,,1000.0,,,,,,,,,,logistic,"(5, 10)",lbfgs
3efa0456-1f15-4adb-bb71-01dd596b5bf5,MLP,500,0.1778279410038923,,1000.0,,,,,,,,,,logistic,"(25,)",lbfgs
8d6a3542-b667-4a8c-bed5-406dc5567b68,MLP,500,0.1778279410038923,,1000.0,,,,,,,,,,logistic,"(25, 25)",lbfgs
8bccc66d-d5cb-46df-835b-1a6719facf64,MLP,500,0.1778279410038923,,1000.0,,,,,,,,,,logistic,"(25, 50)",lbfgs
21eb8210-b4f2-41fa-88a9-c47afb553fe8,MLP,500,0.1778279410038923,,1000.0,,,,,,,,,,logistic,"(50,)",lbfgs
abeb73d0-42e8-42df-b34e-45e7ba9a1a37,MLP,500,0.1778279410038923,,1000.0,,,,,,,,,,logistic,"(50, 25)",lbfgs
d6929be6-90c8-435b-ac4a-eac8884b41f4,MLP,500,0.1778279410038923,,1000.0,,,,,,,,,,logistic,"(50, 50)",lbfgs
e98ff5fb-ac6c-4583-8e0b-37cf1cfac106,MLP,500,0.1778279410038923,,1000.0,,,,,,,,,,tanh,"(5,)",lbfgs
8067d1d0-3d2c-4a85-bd54-f6352b147028,MLP,500,0.1778279410038923,,1000.0,,,,,,,,,,tanh,"(5, 5)",lbfgs
8006e076-df21-4235-8799-12f9af16c3c6,MLP,500,0.1778279410038923,,1000.0,,,,,,,,,,tanh,"(5, 10)",lbfgs
519e27e4-5991-4448-a571-4ace2053ccee,MLP,500,0.1778279410038923,,1000.0,,,,,,,,,,tanh,"(25,)",lbfgs
566f07fc-318f-421e-bf23-19567cf2acc4,MLP,500,0.1778279410038923,,1000.0,,,,,,,,,,tanh,"(25, 25)",lbfgs
d6de8a65-1451-4db5-86da-747b204bbf41,MLP,500,0.1778279410038923,,1000.0,,,,,,,,,,tanh,"(25, 50)",lbfgs
0cc91afe-fff7-4260-8df8-84f6f0c372a4,MLP,500,0.1778279410038923,,1000.0,,,,,,,,,,tanh,"(50,)",lbfgs
3453c191-59aa-4ab0-ae82-6627b889f5cb,MLP,500,0.1778279410038923,,1000.0,,,,,,,,,,tanh,"(50, 25)",lbfgs
d04b1f59-d942-442e-a50b-5dfc401257e9,MLP,500,0.1778279410038923,,1000.0,,,,,,,,,,tanh,"(50, 50)",lbfgs
11e1af35-75da-45cb-b441-a0bc7d7e3ee8,MLP,500,0.1778279410038923,,1000.0,,,,,,,,,,relu,"(5,)",lbfgs
e93be6cb-2dc0-403d-90de-214897459e9e,MLP,500,0.1778279410038923,,1000.0,,,,,,,,,,relu,"(5, 5)",lbfgs
ce559abd-b1c3-4d22-9acd-705ab9c99e80,MLP,500,0.1778279410038923,,1000.0,,,,,,,,,,relu,"(5, 10)",lbfgs
8f6a1dba-1ee6-4b49-b5a1-e9a3bc7880d9,MLP,500,0.1778279410038923,,1000.0,,,,,,,,,,relu,"(25,)",lbfgs
357a1e11-7d88-42b7-81f9-2db74b5c3490,MLP,500,0.1778279410038923,,1000.0,,,,,,,,,,relu,"(25, 25)",lbfgs
e70f0d9f-bec5-4049-a85b-21c7a564b465,MLP,500,0.1778279410038923,,1000.0,,,,,,,,,,relu,"(25, 50)",lbfgs
a7454b63-1470-4b8a-b6e1-ca95ef9e7ffc,MLP,500,0.1778279410038923,,1000.0,,,,,,,,,,relu,"(50,)",lbfgs
878928d9-cf97-4faa-8e5d-4b9814bb6d3f,MLP,500,0.1778279410038923,,1000.0,,,,,,,,,,relu,"(50, 25)",lbfgs
26c3909d-51b3-42dc-8683-e1963d3b048e,MLP,500,0.1778279410038923,,1000.0,,,,,,,,,,relu,"(50, 50)",lbfgs
4b97fa85-ae4f-4c4c-bed7-b1aafaea280c,MLP,500,0.017782794100389243,,1000.0,,,,,,,,,,identity,"(5,)",lbfgs
b69ffadf-afdb-499f-9a68-03c516f17106,MLP,500,0.017782794100389243,,1000.0,,,,,,,,,,identity,"(5, 5)",lbfgs
0f1a7513-e3ad-4051-8dc7-ee4c3f2f09ca,MLP,500,0.017782794100389243,,1000.0,,,,,,,,,,identity,"(5, 10)",lbfgs
bfe4de54-f68e-4cd2-8ef7-2836a7521e5b,MLP,500,0.017782794100389243,,1000.0,,,,,,,,,,identity,"(25,)",lbfgs
3d6c7a6c-bc66-47fd-bc06-6f725e0e375b,MLP,500,0.017782794100389243,,1000.0,,,,,,,,,,identity,"(25, 25)",lbfgs
bf1f836a-75aa-4caa-bc53-2a35a70035e2,MLP,500,0.017782794100389243,,1000.0,,,,,,,,,,identity,"(25, 50)",lbfgs
a5d92eb7-93d3-4242-9ebe-e3f39af58033,MLP,500,0.017782794100389243,,1000.0,,,,,,,,,,identity,"(50,)",lbfgs
000d4dd5-f97e-4835-a3ed-28d807dda956,MLP,500,0.017782794100389243,,1000.0,,,,,,,,,,identity,"(50, 25)",lbfgs
c5b07458-1c49-4d2c-9be4-c50a9ad56e11,MLP,500,0.017782794100389243,,1000.0,,,,,,,,,,identity,"(50, 50)",lbfgs
271ae341-cf34-4a96-8530-6d1ec79ba7f9,MLP,500,0.017782794100389243,,1000.0,,,,,,,,,,logistic,"(5,)",lbfgs
ab956c6f-8a0f-4dc0-a424-f888b4e97364,MLP,500,0.017782794100389243,,1000.0,,,,,,,,,,logistic,"(5, 5)",lbfgs
49a5183b-f939-471d-8204-403bca6b25d5,MLP,500,0.017782794100389243,,1000.0,,,,,,,,,,logistic,"(5, 10)",lbfgs
ea242484-094a-4ece-823c-bb82e1192189,MLP,500,0.017782794100389243,,1000.0,,,,,,,,,,logistic,"(25,)",lbfgs
138f870f-06f3-43ef-ad8e-165b2876f3c6,MLP,500,0.017782794100389243,,1000.0,,,,,,,,,,logistic,"(25, 25)",lbfgs
05c4bd58-3758-4258-8060-be2a6b5b0797,MLP,500,0.017782794100389243,,1000.0,,,,,,,,,,logistic,"(25, 50)",lbfgs
4a7c465f-7c36-4739-a3f1-eb498abe2c92,MLP,500,0.017782794100389243,,1000.0,,,,,,,,,,logistic,"(50,)",lbfgs
bcbd495e-2cfa-4b41-a2e6-53e0ba494ed3,MLP,500,0.017782794100389243,,1000.0,,,,,,,,,,logistic,"(50, 25)",lbfgs
9cba448b-7936-47ca-89e3-906d02e6aa72,MLP,500,0.017782794100389243,,1000.0,,,,,,,,,,logistic,"(50, 50)",lbfgs
837e4f45-249d-4c48-9f9d-3f9ff3ce91fb,MLP,500,0.017782794100389243,,1000.0,,,,,,,,,,tanh,"(5,)",lbfgs
883ee549-a516-43bd-b16c-80c9a1dadc95,MLP,500,0.017782794100389243,,1000.0,,,,,,,,,,tanh,"(5, 5)",lbfgs
e5b4c110-d05f-422b-88f0-ddc9357c72c7,MLP,500,0.017782794100389243,,1000.0,,,,,,,,,,tanh,"(5, 10)",lbfgs
05083785-252b-4567-adfa-aa3ffb46d8c2,MLP,500,0.017782794100389243,,1000.0,,,,,,,,,,tanh,"(25,)",lbfgs
6297d799-c75d-435b-b6a2-542b308e046b,MLP,500,0.017782794100389243,,1000.0,,,,,,,,,,tanh,"(25, 25)",lbfgs
bf8bed97-81ee-472f-a314-17debeeea407,MLP,500,0.017782794100389243,,1000.0,,,,,,,,,,tanh,"(25, 50)",lbfgs
56ae0003-5b06-4cdc-b02f-00c7eb05b215,MLP,500,0.017782794100389243,,1000.0,,,,,,,,,,tanh,"(50,)",lbfgs
8363c65d-f847-4f50-8bea-6400eff6970d,MLP,500,0.017782794100389243,,1000.0,,,,,,,,,,tanh,"(50, 25)",lbfgs
70342fc1-437a-446b-b9be-8ab41d61453a,MLP,500,0.017782794100389243,,1000.0,,,,,,,,,,tanh,"(50, 50)",lbfgs
4d288fa8-e49f-4722-8bea-768a9b78436a,MLP,500,0.017782794100389243,,1000.0,,,,,,,,,,relu,"(5,)",lbfgs
f3c6c1bc-b519-4e63-92cd-243d868e751b,MLP,500,0.017782794100389243,,1000.0,,,,,,,,,,relu,"(5, 5)",lbfgs
896f0cb3-5921-45c7-9b53-1dcd2e9d5c59,MLP,500,0.017782794100389243,,1000.0,,,,,,,,,,relu,"(5, 10)",lbfgs
e0fadd5e-5e7f-468c-b2af-64900c6f9c58,MLP,500,0.017782794100389243,,1000.0,,,,,,,,,,relu,"(25,)",lbfgs
0c540bd4-cd68-4424-98f8-58e28447f6e4,MLP,500,0.017782794100389243,,1000.0,,,,,,,,,,relu,"(25, 25)",lbfgs
e89b4abf-18a2-4195-ad83-67530078b65d,MLP,500,0.017782794100389243,,1000.0,,,,,,,,,,relu,"(25, 50)",lbfgs
4cb8bd9a-d303-47d4-a0a9-4eeebe0a0bfa,MLP,500,0.017782794100389243,,1000.0,,,,,,,,,,relu,"(50,)",lbfgs
36f91182-d245-4bd2-91f2-a3ff81d98ad9,MLP,500,0.017782794100389243,,1000.0,,,,,,,,,,relu,"(50, 25)",lbfgs
8ef641e0-e8ef-4b11-9971-d306f2516ffb,MLP,500,0.017782794100389243,,1000.0,,,,,,,,,,relu,"(50, 50)",lbfgs
42e0d1bf-bb90-436b-acf1-e5504cad4333,MLP,500,0.00017782794100389235,,1000.0,,,,,,,,,,identity,"(5,)",lbfgs
f5f58030-032c-4d52-a7f6-865234852358,MLP,500,0.00017782794100389235,,1000.0,,,,,,,,,,identity,"(5, 5)",lbfgs
3a7720ed-f154-4fe1-b934-a98181c26eed,MLP,500,0.00017782794100389235,,1000.0,,,,,,,,,,identity,"(5, 10)",lbfgs
38ca6cde-84b0-44df-af23-546fa3a25f3d,MLP,500,0.00017782794100389235,,1000.0,,,,,,,,,,identity,"(25,)",lbfgs
b801db5e-20bb-404f-89d7-5995225f69b8,MLP,500,0.00017782794100389235,,1000.0,,,,,,,,,,identity,"(25, 25)",lbfgs
a22d973e-93c0-4507-8082-158e603b5695,MLP,500,0.00017782794100389235,,1000.0,,,,,,,,,,identity,"(25, 50)",lbfgs
67aa7b6d-3861-45ca-9bb2-671738edefbd,MLP,500,0.00017782794100389235,,1000.0,,,,,,,,,,identity,"(50,)",lbfgs
85f9b93b-9ffb-4f71-bd2f-eb32f61f255b,MLP,500,0.00017782794100389235,,1000.0,,,,,,,,,,identity,"(50, 25)",lbfgs
a842e9d4-8389-4a5a-8785-893863f3ed9b,MLP,500,0.00017782794100389235,,1000.0,,,,,,,,,,identity,"(50, 50)",lbfgs
8a36b44c-0dee-448b-a156-769c0a01e3d6,MLP,500,0.00017782794100389235,,1000.0,,,,,,,,,,logistic,"(5,)",lbfgs
4f8b4045-c382-4ef9-88ba-aa9345f8203f,MLP,500,0.00017782794100389235,,1000.0,,,,,,,,,,logistic,"(5, 5)",lbfgs
5d72123e-9bf5-4756-b3a5-fd29f7b87066,MLP,500,0.00017782794100389235,,1000.0,,,,,,,,,,logistic,"(5, 10)",lbfgs
e2793f0d-ae32-43ef-a8de-f5f0c31ba9ff,MLP,500,0.00017782794100389235,,1000.0,,,,,,,,,,logistic,"(25,)",lbfgs
f127cf25-f939-495a-bc3e-41fc8f9be7cb,MLP,500,0.00017782794100389235,,1000.0,,,,,,,,,,logistic,"(25, 25)",lbfgs
88392170-9569-459c-b33e-37631248feb3,MLP,500,0.00017782794100389235,,1000.0,,,,,,,,,,logistic,"(25, 50)",lbfgs
b0f078b5-9147-4fec-91cd-d3e9cc302e58,MLP,500,0.00017782794100389235,,1000.0,,,,,,,,,,logistic,"(50,)",lbfgs
d1ed5fbd-d3b8-47c6-873c-b517c23a9f5a,MLP,500,0.00017782794100389235,,1000.0,,,,,,,,,,logistic,"(50, 25)",lbfgs
8a6d0906-fe2b-48d7-a366-e81c2a9d054f,MLP,500,0.00017782794100389235,,1000.0,,,,,,,,,,logistic,"(50, 50)",lbfgs
a702f1db-4ed8-4f9a-b9f6-92a6f6a729e9,MLP,500,0.00017782794100389235,,1000.0,,,,,,,,,,tanh,"(5,)",lbfgs
d1b53997-9c20-4c43-94b3-5267332bd0db,MLP,500,0.00017782794100389235,,1000.0,,,,,,,,,,tanh,"(5, 5)",lbfgs
70c69c0e-9431-455a-b806-887f17bb96c2,MLP,500,0.00017782794100389235,,1000.0,,,,,,,,,,tanh,"(5, 10)",lbfgs
932d1523-3870-4ede-97c9-3e5cb9f387f0,MLP,500,0.00017782794100389235,,1000.0,,,,,,,,,,tanh,"(25,)",lbfgs
c06fba66-c338-4b1d-9e75-974328f4b8f8,MLP,500,0.00017782794100389235,,1000.0,,,,,,,,,,tanh,"(25, 25)",lbfgs
c05f7cb0-6687-4420-8ba4-54ff88bbb824,MLP,500,0.00017782794100389235,,1000.0,,,,,,,,,,tanh,"(25, 50)",lbfgs
920e1fbb-2d3a-441d-8cef-92a604e62912,MLP,500,0.00017782794100389235,,1000.0,,,,,,,,,,tanh,"(50,)",lbfgs
39e1fc0c-1c4a-4e08-97f3-ad7f2d200467,MLP,500,0.00017782794100389235,,1000.0,,,,,,,,,,tanh,"(50, 25)",lbfgs
a801bc12-9a55-4abb-b6a2-ddb8d241e7b5,MLP,500,0.00017782794100389235,,1000.0,,,,,,,,,,tanh,"(50, 50)",lbfgs
9ae6ccf5-bcf6-4bd0-b4d7-696bf11e01f3,MLP,500,0.00017782794100389235,,1000.0,,,,,,,,,,relu,"(5,)",lbfgs
9cad7658-8190-4c65-bd6c-a6c310ec6f34,MLP,500,0.00017782794100389235,,1000.0,,,,,,,,,,relu,"(5, 5)",lbfgs
bd33c79d-a61f-499f-9d9f-6dc083cd9261,MLP,500,0.00017782794100389235,,1000.0,,,,,,,,,,relu,"(5, 10)",lbfgs
8fa59956-5c78-467f-a6af-d28a41e19306,MLP,500,0.00017782794100389235,,1000.0,,,,,,,,,,relu,"(25,)",lbfgs
a04165da-102b-4b68-b2e7-17b0c822740b,MLP,500,0.00017782794100389235,,1000.0,,,,,,,,,,relu,"(25, 25)",lbfgs
4105242a-9466-43e1-b70c-1c4e02a6ee3c,MLP,500,0.00017782794100389235,,1000.0,,,,,,,,,,relu,"(25, 50)",lbfgs
46319486-cca0-4f0c-9fda-207d6ee2225f,MLP,500,0.00017782794100389235,,1000.0,,,,,,,,,,relu,"(50,)",lbfgs
edd59ebf-cbcb-40d3-84c8-4c0e02704e1c,MLP,500,0.00017782794100389235,,1000.0,,,,,,,,,,relu,"(50, 25)",lbfgs
c8d422d3-19ca-4d67-832f-a34617cbd0f0,MLP,500,0.00017782794100389235,,1000.0,,,,,,,,,,relu,"(50, 50)",lbfgs
